-90,-90
-87.34,-90
-84.68,-90
-82.02,-90
-79.36,-90
-76.7,-90
-74.04,-90
-71.38,-90
-68.72,-90
-66.06,-90
-63.4,-90
-60.74,-90
-58.08,-90
-55.42,-90
-52.76,-90
-50.1,-90
-47.44,-90
-44.78,-90
-42.12,-90
-39.46,-90
-36.8,-90
-34.14,-90
-31.48,-90
-28.82,-90
-26.16,-90
-23.5,-90
-20.84,-90
-18.18,-90
-15.52,-90
-12.86,-90
-10.2,-90
-7.54,-90
-4.88,-90
-2.22,-90
0.44,-90
3.1,-90
5.76,-90
8.42,-90
11.08,-90
13.74,-90
16.4,-90
19.06,-90
21.72,-90
24.38,-90
27.04,-90
29.7,-90
32.36,-90
35.02,-90
37.68,-90
40.34,-90
43,-90
45.66,-90
48.32,-90
50.98,-90
53.64,-90
56.3,-90
58.96,-90
61.62,-90
64.28,-90
66.94,-90
69.6,-90
72.26,-90
74.92,-90
77.58,-90
80.24,-90
82.9,-90
85.56,-90
88.22,-90
-88.67,-85.2262
-86.01,-85.2262
-83.35,-85.2262
-80.69,-85.2262
-78.03,-85.2262
-75.37,-85.2262
-72.71,-85.2262
-70.05,-85.2262
-67.39,-85.2262
-64.73,-85.2262
-62.07,-85.2262
-59.41,-85.2262
-56.75,-85.2262
-54.09,-85.2262
-51.43,-85.2262
-48.77,-85.2262
-46.11,-85.2262
-43.45,-85.2262
-40.79,-85.2262
-38.13,-85.2262
-35.47,-85.2262
-32.81,-85.2262
-30.15,-85.2262
-27.49,-85.2262
-24.83,-85.2262
-22.17,-85.2262
-19.51,-85.2262
-16.85,-85.2262
-14.19,-85.2262
-11.53,-85.2262
-8.87,-85.2262
-6.21,-85.2262
-3.55,-85.2262
-0.89,-85.2262
1.77,-85.2262
4.43,-85.2262
7.09,-85.2262
9.75,-85.2262
12.41,-85.2262
15.07,-85.2262
17.73,-85.2262
20.39,-85.2262
23.05,-85.2262
25.71,-85.2262
28.37,-85.2262
31.03,-85.2262
33.69,-85.2262
36.35,-85.2262
39.01,-85.2262
41.67,-85.2262
44.33,-85.2262
46.99,-85.2262
49.65,-85.2262
52.31,-85.2262
54.97,-85.2262
57.63,-85.2262
60.29,-85.2262
62.95,-85.2262
65.61,-85.2262
68.27,-85.2262
70.93,-85.2262
73.59,-85.2262
76.25,-85.2262
78.91,-85.2262
81.57,-85.2262
84.23,-85.2262
86.89,-85.2262
89.55,-85.2262
-90,-80.6849
-87.34,-80.6849
-84.68,-80.6849
-82.02,-80.6849
-79.36,-80.6849
-76.7,-80.6849
-74.04,-80.6849
-71.38,-80.6849
-68.72,-80.6849
-66.06,-80.6849
-63.4,-80.6849
-60.74,-80.6849
-58.08,-80.6849
-55.42,-80.6849
-52.76,-80.6849
-50.1,-80.6849
-47.44,-80.6849
-44.78,-80.6849
-42.12,-80.6849
-39.46,-80.6849
-36.8,-80.6849
-34.14,-80.6849
-31.48,-80.6849
-28.82,-80.6849
-26.16,-80.6849
-23.5,-80.6849
-20.84,-80.6849
-18.18,-80.6849
-15.52,-80.6849
-12.86,-80.6849
-10.2,-80.6849
-7.54,-80.6849
-4.88,-80.6849
-2.22,-80.6849
0.44,-80.6849
3.1,-80.6849
5.76,-80.6849
8.42,-80.6849
11.08,-80.6849
13.74,-80.6849
16.4,-80.6849
19.06,-80.6849
21.72,-80.6849
24.38,-80.6849
27.04,-80.6849
29.7,-80.6849
32.36,-80.6849
35.02,-80.6849
37.68,-80.6849
40.34,-80.6849
43,-80.6849
45.66,-80.6849
48.32,-80.6849
50.98,-80.6849
53.64,-80.6849
56.3,-80.6849
58.96,-80.6849
61.62,-80.6849
64.28,-80.6849
66.94,-80.6849
69.6,-80.6849
72.26,-80.6849
74.92,-80.6849
77.58,-80.6849
80.24,-80.6849
82.9,-80.6849
85.56,-80.6849
88.22,-80.6849
-88.67,-76.3647
-86.01,-76.3647
-83.35,-76.3647
-80.69,-76.3647
-78.03,-76.3647
-75.37,-76.3647
-72.71,-76.3647
-70.05,-76.3647
-67.39,-76.3647
-64.73,-76.3647
-62.07,-76.3647
-59.41,-76.3647
-56.75,-76.3647
-54.09,-76.3647
-51.43,-76.3647
-48.77,-76.3647
-46.11,-76.3647
-43.45,-76.3647
-40.79,-76.3647
-38.13,-76.3647
-35.47,-76.3647
-32.81,-76.3647
-30.15,-76.3647
-27.49,-76.3647
-24.83,-76.3647
-22.17,-76.3647
-19.51,-76.3647
-16.85,-76.3647
-14.19,-76.3647
-11.53,-76.3647
-8.87,-76.3647
-6.21,-76.3647
-3.55,-76.3647
-0.89,-76.3647
1.77,-76.3647
4.43,-76.3647
7.09,-76.3647
9.75,-76.3647
12.41,-76.3647
15.07,-76.3647
17.73,-76.3647
20.39,-76.3647
23.05,-76.3647
25.71,-76.3647
28.37,-76.3647
31.03,-76.3647
33.69,-76.3647
36.35,-76.3647
39.01,-76.3647
41.67,-76.3647
44.33,-76.3647
46.99,-76.3647
49.65,-76.3647
52.31,-76.3647
54.97,-76.3647
57.63,-76.3647
60.29,-76.3647
62.95,-76.3647
65.61,-76.3647
68.27,-76.3647
70.93,-76.3647
73.59,-76.3647
76.25,-76.3647
78.91,-76.3647
81.57,-76.3647
84.23,-76.3647
86.89,-76.3647
89.55,-76.3647
-90,-72.255
-87.34,-72.255
-84.68,-72.255
-82.02,-72.255
-79.36,-72.255
-76.7,-72.255
-74.04,-72.255
-71.38,-72.255
-68.72,-72.255
-66.06,-72.255
-63.4,-72.255
-60.74,-72.255
-58.08,-72.255
-55.42,-72.255
-52.76,-72.255
-50.1,-72.255
-47.44,-72.255
-44.78,-72.255
-42.12,-72.255
-39.46,-72.255
-36.8,-72.255
-34.14,-72.255
-31.48,-72.255
-28.82,-72.255
-26.16,-72.255
-23.5,-72.255
-20.84,-72.255
-18.18,-72.255
-15.52,-72.255
-12.86,-72.255
-10.2,-72.255
-7.54,-72.255
-4.88,-72.255
-2.22,-72.255
0.44,-72.255
3.1,-72.255
5.76,-72.255
8.42,-72.255
11.08,-72.255
13.74,-72.255
16.4,-72.255
19.06,-72.255
21.72,-72.255
24.38,-72.255
27.04,-72.255
29.7,-72.255
32.36,-72.255
35.02,-72.255
37.68,-72.255
40.34,-72.255
43,-72.255
45.66,-72.255
48.32,-72.255
50.98,-72.255
53.64,-72.255
56.3,-72.255
58.96,-72.255
61.62,-72.255
64.28,-72.255
66.94,-72.255
69.6,-72.255
72.26,-72.255
74.92,-72.255
77.58,-72.255
80.24,-72.255
82.9,-72.255
85.56,-72.255
88.22,-72.255
-88.67,-68.3454
-86.01,-68.3454
-83.35,-68.3454
-80.69,-68.3454
-78.03,-68.3454
-75.37,-68.3454
-72.71,-68.3454
-70.05,-68.3454
-67.39,-68.3454
-64.73,-68.3454
-62.07,-68.3454
-59.41,-68.3454
-56.75,-68.3454
-54.09,-68.3454
-51.43,-68.3454
-48.77,-68.3454
-46.11,-68.3454
-43.45,-68.3454
-40.79,-68.3454
-38.13,-68.3454
-35.47,-68.3454
-32.81,-68.3454
-30.15,-68.3454
-27.49,-68.3454
-24.83,-68.3454
-22.17,-68.3454
-19.51,-68.3454
-16.85,-68.3454
-14.19,-68.3454
-11.53,-68.3454
-8.87,-68.3454
-6.21,-68.3454
-3.55,-68.3454
-0.89,-68.3454
1.77,-68.3454
4.43,-68.3454
7.09,-68.3454
9.75,-68.3454
12.41,-68.3454
15.07,-68.3454
17.73,-68.3454
20.39,-68.3454
23.05,-68.3454
25.71,-68.3454
28.37,-68.3454
31.03,-68.3454
33.69,-68.3454
36.35,-68.3454
39.01,-68.3454
41.67,-68.3454
44.33,-68.3454
46.99,-68.3454
49.65,-68.3454
52.31,-68.3454
54.97,-68.3454
57.63,-68.3454
60.29,-68.3454
62.95,-68.3454
65.61,-68.3454
68.27,-68.3454
70.93,-68.3454
73.59,-68.3454
76.25,-68.3454
78.91,-68.3454
81.57,-68.3454
84.23,-68.3454
86.89,-68.3454
89.55,-68.3454
-90,-64.6261
-87.34,-64.6261
-84.68,-64.6261
-82.02,-64.6261
-79.36,-64.6261
-76.7,-64.6261
-74.04,-64.6261
-71.38,-64.6261
-68.72,-64.6261
-66.06,-64.6261
-63.4,-64.6261
-60.74,-64.6261
-58.08,-64.6261
-55.42,-64.6261
-52.76,-64.6261
-50.1,-64.6261
-47.44,-64.6261
-44.78,-64.6261
-42.12,-64.6261
-39.46,-64.6261
-36.8,-64.6261
-34.14,-64.6261
-31.48,-64.6261
-28.82,-64.6261
-26.16,-64.6261
-23.5,-64.6261
-20.84,-64.6261
-18.18,-64.6261
-15.52,-64.6261
-12.86,-64.6261
-10.2,-64.6261
-7.54,-64.6261
-4.88,-64.6261
-2.22,-64.6261
0.44,-64.6261
3.1,-64.6261
5.76,-64.6261
8.42,-64.6261
11.08,-64.6261
13.74,-64.6261
16.4,-64.6261
19.06,-64.6261
21.72,-64.6261
24.38,-64.6261
27.04,-64.6261
29.7,-64.6261
32.36,-64.6261
35.02,-64.6261
37.68,-64.6261
40.34,-64.6261
43,-64.6261
45.66,-64.6261
48.32,-64.6261
50.98,-64.6261
53.64,-64.6261
56.3,-64.6261
58.96,-64.6261
61.62,-64.6261
64.28,-64.6261
66.94,-64.6261
69.6,-64.6261
72.26,-64.6261
74.92,-64.6261
77.58,-64.6261
80.24,-64.6261
82.9,-64.6261
85.56,-64.6261
88.22,-64.6261
-88.67,-61.088
-86.01,-61.088
-83.35,-61.088
-80.69,-61.088
-78.03,-61.088
-75.37,-61.088
-72.71,-61.088
-70.05,-61.088
-67.39,-61.088
-64.73,-61.088
-62.07,-61.088
-59.41,-61.088
-56.75,-61.088
-54.09,-61.088
-51.43,-61.088
-48.77,-61.088
-46.11,-61.088
-43.45,-61.088
-40.79,-61.088
-38.13,-61.088
-35.47,-61.088
-32.81,-61.088
-30.15,-61.088
-27.49,-61.088
-24.83,-61.088
-22.17,-61.088
-19.51,-61.088
-16.85,-61.088
-14.19,-61.088
-11.53,-61.088
-8.87,-61.088
-6.21,-61.088
-3.55,-61.088
-0.89,-61.088
1.77,-61.088
4.43,-61.088
7.09,-61.088
9.75,-61.088
12.41,-61.088
15.07,-61.088
17.73,-61.088
20.39,-61.088
23.05,-61.088
25.71,-61.088
28.37,-61.088
31.03,-61.088
33.69,-61.088
36.35,-61.088
39.01,-61.088
41.67,-61.088
44.33,-61.088
46.99,-61.088
49.65,-61.088
52.31,-61.088
54.97,-61.088
57.63,-61.088
60.29,-61.088
62.95,-61.088
65.61,-61.088
68.27,-61.088
70.93,-61.088
73.59,-61.088
76.25,-61.088
78.91,-61.088
81.57,-61.088
84.23,-61.088
86.89,-61.088
89.55,-61.088
-90,-57.7223
-87.34,-57.7223
-84.68,-57.7223
-82.02,-57.7223
-79.36,-57.7223
-76.7,-57.7223
-74.04,-57.7223
-71.38,-57.7223
-68.72,-57.7223
-66.06,-57.7223
-63.4,-57.7223
-60.74,-57.7223
-58.08,-57.7223
-55.42,-57.7223
-52.76,-57.7223
-50.1,-57.7223
-47.44,-57.7223
-44.78,-57.7223
-42.12,-57.7223
-39.46,-57.7223
-36.8,-57.7223
-34.14,-57.7223
-31.48,-57.7223
-28.82,-57.7223
-26.16,-57.7223
-23.5,-57.7223
-20.84,-57.7223
-18.18,-57.7223
-15.52,-57.7223
-12.86,-57.7223
-10.2,-57.7223
-7.54,-57.7223
-4.88,-57.7223
-2.22,-57.7223
0.44,-57.7223
3.1,-57.7223
5.76,-57.7223
8.42,-57.7223
11.08,-57.7223
13.74,-57.7223
16.4,-57.7223
19.06,-57.7223
21.72,-57.7223
24.38,-57.7223
27.04,-57.7223
29.7,-57.7223
32.36,-57.7223
35.02,-57.7223
37.68,-57.7223
40.34,-57.7223
43,-57.7223
45.66,-57.7223
48.32,-57.7223
50.98,-57.7223
53.64,-57.7223
56.3,-57.7223
58.96,-57.7223
61.62,-57.7223
64.28,-57.7223
66.94,-57.7223
69.6,-57.7223
72.26,-57.7223
74.92,-57.7223
77.58,-57.7223
80.24,-57.7223
82.9,-57.7223
85.56,-57.7223
88.22,-57.7223
-88.67,-54.5204
-86.01,-54.5204
-83.35,-54.5204
-80.69,-54.5204
-78.03,-54.5204
-75.37,-54.5204
-72.71,-54.5204
-70.05,-54.5204
-67.39,-54.5204
-64.73,-54.5204
-62.07,-54.5204
-59.41,-54.5204
-56.75,-54.5204
-54.09,-54.5204
-51.43,-54.5204
-48.77,-54.5204
-46.11,-54.5204
-43.45,-54.5204
-40.79,-54.5204
-38.13,-54.5204
-35.47,-54.5204
-32.81,-54.5204
-30.15,-54.5204
-27.49,-54.5204
-24.83,-54.5204
-22.17,-54.5204
-19.51,-54.5204
-16.85,-54.5204
-14.19,-54.5204
-11.53,-54.5204
-8.87,-54.5204
-6.21,-54.5204
-3.55,-54.5204
-0.89,-54.5204
1.77,-54.5204
4.43,-54.5204
7.09,-54.5204
9.75,-54.5204
12.41,-54.5204
15.07,-54.5204
17.73,-54.5204
20.39,-54.5204
23.05,-54.5204
25.71,-54.5204
28.37,-54.5204
31.03,-54.5204
33.69,-54.5204
36.35,-54.5204
39.01,-54.5204
41.67,-54.5204
44.33,-54.5204
46.99,-54.5204
49.65,-54.5204
52.31,-54.5204
54.97,-54.5204
57.63,-54.5204
60.29,-54.5204
62.95,-54.5204
65.61,-54.5204
68.27,-54.5204
70.93,-54.5204
73.59,-54.5204
76.25,-54.5204
78.91,-54.5204
81.57,-54.5204
84.23,-54.5204
86.89,-54.5204
89.55,-54.5204
-90,-51.4744
-87.34,-51.4744
-84.68,-51.4744
-82.02,-51.4744
-79.36,-51.4744
-76.7,-51.4744
-74.04,-51.4744
-71.38,-51.4744
-68.72,-51.4744
-66.06,-51.4744
-63.4,-51.4744
-60.74,-51.4744
-58.08,-51.4744
-55.42,-51.4744
-52.76,-51.4744
-50.1,-51.4744
-47.44,-51.4744
-44.78,-51.4744
-42.12,-51.4744
-39.46,-51.4744
-36.8,-51.4744
-34.14,-51.4744
-31.48,-51.4744
-28.82,-51.4744
-26.16,-51.4744
-23.5,-51.4744
-20.84,-51.4744
-18.18,-51.4744
-15.52,-51.4744
-12.86,-51.4744
-10.2,-51.4744
-7.54,-51.4744
-4.88,-51.4744
-2.22,-51.4744
0.44,-51.4744
3.1,-51.4744
5.76,-51.4744
8.42,-51.4744
11.08,-51.4744
13.74,-51.4744
16.4,-51.4744
19.06,-51.4744
21.72,-51.4744
24.38,-51.4744
27.04,-51.4744
29.7,-51.4744
32.36,-51.4744
35.02,-51.4744
37.68,-51.4744
40.34,-51.4744
43,-51.4744
45.66,-51.4744
48.32,-51.4744
50.98,-51.4744
53.64,-51.4744
56.3,-51.4744
58.96,-51.4744
61.62,-51.4744
64.28,-51.4744
66.94,-51.4744
69.6,-51.4744
72.26,-51.4744
74.92,-51.4744
77.58,-51.4744
80.24,-51.4744
82.9,-51.4744
85.56,-51.4744
88.22,-51.4744
-88.67,-48.5768
-86.01,-48.5768
-83.35,-48.5768
-80.69,-48.5768
-78.03,-48.5768
-75.37,-48.5768
-72.71,-48.5768
-70.05,-48.5768
-67.39,-48.5768
-64.73,-48.5768
-62.07,-48.5768
-59.41,-48.5768
-56.75,-48.5768
-54.09,-48.5768
-51.43,-48.5768
-48.77,-48.5768
-46.11,-48.5768
-43.45,-48.5768
-40.79,-48.5768
-38.13,-48.5768
-35.47,-48.5768
-32.81,-48.5768
-30.15,-48.5768
-27.49,-48.5768
-24.83,-48.5768
-22.17,-48.5768
-19.51,-48.5768
-16.85,-48.5768
-14.19,-48.5768
-11.53,-48.5768
-8.87,-48.5768
-6.21,-48.5768
-3.55,-48.5768
-0.89,-48.5768
1.77,-48.5768
4.43,-48.5768
7.09,-48.5768
9.75,-48.5768
12.41,-48.5768
15.07,-48.5768
17.73,-48.5768
20.39,-48.5768
23.05,-48.5768
25.71,-48.5768
28.37,-48.5768
31.03,-48.5768
33.69,-48.5768
36.35,-48.5768
39.01,-48.5768
41.67,-48.5768
44.33,-48.5768
46.99,-48.5768
49.65,-48.5768
52.31,-48.5768
54.97,-48.5768
57.63,-48.5768
60.29,-48.5768
62.95,-48.5768
65.61,-48.5768
68.27,-48.5768
70.93,-48.5768
73.59,-48.5768
76.25,-48.5768
78.91,-48.5768
81.57,-48.5768
84.23,-48.5768
86.89,-48.5768
89.55,-48.5768
-90,-45.8203
-87.34,-45.8203
-84.68,-45.8203
-82.02,-45.8203
-79.36,-45.8203
-76.7,-45.8203
-74.04,-45.8203
-71.38,-45.8203
-68.72,-45.8203
-66.06,-45.8203
-63.4,-45.8203
-60.74,-45.8203
-58.08,-45.8203
-55.42,-45.8203
-52.76,-45.8203
-50.1,-45.8203
-47.44,-45.8203
-44.78,-45.8203
-42.12,-45.8203
-39.46,-45.8203
-36.8,-45.8203
-34.14,-45.8203
-31.48,-45.8203
-28.82,-45.8203
-26.16,-45.8203
-23.5,-45.8203
-20.84,-45.8203
-18.18,-45.8203
-15.52,-45.8203
-12.86,-45.8203
-10.2,-45.8203
-7.54,-45.8203
-4.88,-45.8203
-2.22,-45.8203
0.44,-45.8203
3.1,-45.8203
5.76,-45.8203
8.42,-45.8203
11.08,-45.8203
13.74,-45.8203
16.4,-45.8203
19.06,-45.8203
21.72,-45.8203
24.38,-45.8203
27.04,-45.8203
29.7,-45.8203
32.36,-45.8203
35.02,-45.8203
37.68,-45.8203
40.34,-45.8203
43,-45.8203
45.66,-45.8203
48.32,-45.8203
50.98,-45.8203
53.64,-45.8203
56.3,-45.8203
58.96,-45.8203
61.62,-45.8203
64.28,-45.8203
66.94,-45.8203
69.6,-45.8203
72.26,-45.8203
74.92,-45.8203
77.58,-45.8203
80.24,-45.8203
82.9,-45.8203
85.56,-45.8203
88.22,-45.8203
-88.67,-43.1981
-86.01,-43.1981
-83.35,-43.1981
-80.69,-43.1981
-78.03,-43.1981
-75.37,-43.1981
-72.71,-43.1981
-70.05,-43.1981
-67.39,-43.1981
-64.73,-43.1981
-62.07,-43.1981
-59.41,-43.1981
-56.75,-43.1981
-54.09,-43.1981
-51.43,-43.1981
-48.77,-43.1981
-46.11,-43.1981
-43.45,-43.1981
-40.79,-43.1981
-38.13,-43.1981
-35.47,-43.1981
-32.81,-43.1981
-30.15,-43.1981
-27.49,-43.1981
-24.83,-43.1981
-22.17,-43.1981
-19.51,-43.1981
-16.85,-43.1981
-14.19,-43.1981
-11.53,-43.1981
-8.87,-43.1981
-6.21,-43.1981
-3.55,-43.1981
-0.89,-43.1981
1.77,-43.1981
4.43,-43.1981
7.09,-43.1981
9.75,-43.1981
12.41,-43.1981
15.07,-43.1981
17.73,-43.1981
20.39,-43.1981
23.05,-43.1981
25.71,-43.1981
28.37,-43.1981
31.03,-43.1981
33.69,-43.1981
36.35,-43.1981
39.01,-43.1981
41.67,-43.1981
44.33,-43.1981
46.99,-43.1981
49.65,-43.1981
52.31,-43.1981
54.97,-43.1981
57.63,-43.1981
60.29,-43.1981
62.95,-43.1981
65.61,-43.1981
68.27,-43.1981
70.93,-43.1981
73.59,-43.1981
76.25,-43.1981
78.91,-43.1981
81.57,-43.1981
84.23,-43.1981
86.89,-43.1981
89.55,-43.1981
-90,-40.7035
-87.34,-40.7035
-84.68,-40.7035
-82.02,-40.7035
-79.36,-40.7035
-76.7,-40.7035
-74.04,-40.7035
-71.38,-40.7035
-68.72,-40.7035
-66.06,-40.7035
-63.4,-40.7035
-60.74,-40.7035
-58.08,-40.7035
-55.42,-40.7035
-52.76,-40.7035
-50.1,-40.7035
-47.44,-40.7035
-44.78,-40.7035
-42.12,-40.7035
-39.46,-40.7035
-36.8,-40.7035
-34.14,-40.7035
-31.48,-40.7035
-28.82,-40.7035
-26.16,-40.7035
-23.5,-40.7035
-20.84,-40.7035
-18.18,-40.7035
-15.52,-40.7035
-12.86,-40.7035
-10.2,-40.7035
-7.54,-40.7035
-4.88,-40.7035
-2.22,-40.7035
0.44,-40.7035
3.1,-40.7035
5.76,-40.7035
8.42,-40.7035
11.08,-40.7035
13.74,-40.7035
16.4,-40.7035
19.06,-40.7035
21.72,-40.7035
24.38,-40.7035
27.04,-40.7035
29.7,-40.7035
32.36,-40.7035
35.02,-40.7035
37.68,-40.7035
40.34,-40.7035
43,-40.7035
45.66,-40.7035
48.32,-40.7035
50.98,-40.7035
53.64,-40.7035
56.3,-40.7035
58.96,-40.7035
61.62,-40.7035
64.28,-40.7035
66.94,-40.7035
69.6,-40.7035
72.26,-40.7035
74.92,-40.7035
77.58,-40.7035
80.24,-40.7035
82.9,-40.7035
85.56,-40.7035
88.22,-40.7035
-88.67,-38.3305
-86.01,-38.3305
-83.35,-38.3305
-80.69,-38.3305
-78.03,-38.3305
-75.37,-38.3305
-72.71,-38.3305
-70.05,-38.3305
-67.39,-38.3305
-64.73,-38.3305
-62.07,-38.3305
-59.41,-38.3305
-56.75,-38.3305
-54.09,-38.3305
-51.43,-38.3305
-48.77,-38.3305
-46.11,-38.3305
-43.45,-38.3305
-40.79,-38.3305
-38.13,-38.3305
-35.47,-38.3305
-32.81,-38.3305
-30.15,-38.3305
-27.49,-38.3305
-24.83,-38.3305
-22.17,-38.3305
-19.51,-38.3305
-16.85,-38.3305
-14.19,-38.3305
-11.53,-38.3305
-8.87,-38.3305
-6.21,-38.3305
-3.55,-38.3305
-0.89,-38.3305
1.77,-38.3305
4.43,-38.3305
7.09,-38.3305
9.75,-38.3305
12.41,-38.3305
15.07,-38.3305
17.73,-38.3305
20.39,-38.3305
23.05,-38.3305
25.71,-38.3305
28.37,-38.3305
31.03,-38.3305
33.69,-38.3305
36.35,-38.3305
39.01,-38.3305
41.67,-38.3305
44.33,-38.3305
46.99,-38.3305
49.65,-38.3305
52.31,-38.3305
54.97,-38.3305
57.63,-38.3305
60.29,-38.3305
62.95,-38.3305
65.61,-38.3305
68.27,-38.3305
70.93,-38.3305
73.59,-38.3305
76.25,-38.3305
78.91,-38.3305
81.57,-38.3305
84.23,-38.3305
86.89,-38.3305
89.55,-38.3305
-90,-36.073
-87.34,-36.073
-84.68,-36.073
-82.02,-36.073
-79.36,-36.073
-76.7,-36.073
-74.04,-36.073
-71.38,-36.073
-68.72,-36.073
-66.06,-36.073
-63.4,-36.073
-60.74,-36.073
-58.08,-36.073
-55.42,-36.073
-52.76,-36.073
-50.1,-36.073
-47.44,-36.073
-44.78,-36.073
-42.12,-36.073
-39.46,-36.073
-36.8,-36.073
-34.14,-36.073
-31.48,-36.073
-28.82,-36.073
-26.16,-36.073
-23.5,-36.073
-20.84,-36.073
-18.18,-36.073
-15.52,-36.073
-12.86,-36.073
-10.2,-36.073
-7.54,-36.073
-4.88,-36.073
-2.22,-36.073
0.44,-36.073
3.1,-36.073
5.76,-36.073
8.42,-36.073
11.08,-36.073
13.74,-36.073
16.4,-36.073
19.06,-36.073
21.72,-36.073
24.38,-36.073
27.04,-36.073
29.7,-36.073
32.36,-36.073
35.02,-36.073
37.68,-36.073
40.34,-36.073
43,-36.073
45.66,-36.073
48.32,-36.073
50.98,-36.073
53.64,-36.073
56.3,-36.073
58.96,-36.073
61.62,-36.073
64.28,-36.073
66.94,-36.073
69.6,-36.073
72.26,-36.073
74.92,-36.073
77.58,-36.073
80.24,-36.073
82.9,-36.073
85.56,-36.073
88.22,-36.073
-88.67,-33.9254
-86.01,-33.9254
-83.35,-33.9254
-80.69,-33.9254
-78.03,-33.9254
-75.37,-33.9254
-72.71,-33.9254
-70.05,-33.9254
-67.39,-33.9254
-64.73,-33.9254
-62.07,-33.9254
-59.41,-33.9254
-56.75,-33.9254
-54.09,-33.9254
-51.43,-33.9254
-48.77,-33.9254
-46.11,-33.9254
-43.45,-33.9254
-40.79,-33.9254
-38.13,-33.9254
-35.47,-33.9254
-32.81,-33.9254
-30.15,-33.9254
-27.49,-33.9254
-24.83,-33.9254
-22.17,-33.9254
-19.51,-33.9254
-16.85,-33.9254
-14.19,-33.9254
-11.53,-33.9254
-8.87,-33.9254
-6.21,-33.9254
-3.55,-33.9254
-0.89,-33.9254
1.77,-33.9254
4.43,-33.9254
7.09,-33.9254
9.75,-33.9254
12.41,-33.9254
15.07,-33.9254
17.73,-33.9254
20.39,-33.9254
23.05,-33.9254
25.71,-33.9254
28.37,-33.9254
31.03,-33.9254
33.69,-33.9254
36.35,-33.9254
39.01,-33.9254
41.67,-33.9254
44.33,-33.9254
46.99,-33.9254
49.65,-33.9254
52.31,-33.9254
54.97,-33.9254
57.63,-33.9254
60.29,-33.9254
62.95,-33.9254
65.61,-33.9254
68.27,-33.9254
70.93,-33.9254
73.59,-33.9254
76.25,-33.9254
78.91,-33.9254
81.57,-33.9254
84.23,-33.9254
86.89,-33.9254
89.55,-33.9254
-90,-31.8825
-87.34,-31.8825
-84.68,-31.8825
-82.02,-31.8825
-79.36,-31.8825
-76.7,-31.8825
-74.04,-31.8825
-71.38,-31.8825
-68.72,-31.8825
-66.06,-31.8825
-63.4,-31.8825
-60.74,-31.8825
-58.08,-31.8825
-55.42,-31.8825
-52.76,-31.8825
-50.1,-31.8825
-47.44,-31.8825
-44.78,-31.8825
-42.12,-31.8825
-39.46,-31.8825
-36.8,-31.8825
-34.14,-31.8825
-31.48,-31.8825
-28.82,-31.8825
-26.16,-31.8825
-23.5,-31.8825
-20.84,-31.8825
-18.18,-31.8825
-15.52,-31.8825
-12.86,-31.8825
-10.2,-31.8825
-7.54,-31.8825
-4.88,-31.8825
-2.22,-31.8825
0.44,-31.8825
3.1,-31.8825
5.76,-31.8825
8.42,-31.8825
11.08,-31.8825
13.74,-31.8825
16.4,-31.8825
19.06,-31.8825
21.72,-31.8825
24.38,-31.8825
27.04,-31.8825
29.7,-31.8825
32.36,-31.8825
35.02,-31.8825
37.68,-31.8825
40.34,-31.8825
43,-31.8825
45.66,-31.8825
48.32,-31.8825
50.98,-31.8825
53.64,-31.8825
56.3,-31.8825
58.96,-31.8825
61.62,-31.8825
64.28,-31.8825
66.94,-31.8825
69.6,-31.8825
72.26,-31.8825
74.92,-31.8825
77.58,-31.8825
80.24,-31.8825
82.9,-31.8825
85.56,-31.8825
88.22,-31.8825
-88.67,-29.939
-86.01,-29.939
-83.35,-29.939
-80.69,-29.939
-78.03,-29.939
-75.37,-29.939
-72.71,-29.939
-70.05,-29.939
-67.39,-29.939
-64.73,-29.939
-62.07,-29.939
-59.41,-29.939
-56.75,-29.939
-54.09,-29.939
-51.43,-29.939
-48.77,-29.939
-46.11,-29.939
-43.45,-29.939
-40.79,-29.939
-38.13,-29.939
-35.47,-29.939
-32.81,-29.939
-30.15,-29.939
-27.49,-29.939
-24.83,-29.939
-22.17,-29.939
-19.51,-29.939
-16.85,-29.939
-14.19,-29.939
-11.53,-29.939
-8.87,-29.939
-6.21,-29.939
-3.55,-29.939
-0.89,-29.939
1.77,-29.939
4.43,-29.939
7.09,-29.939
9.75,-29.939
12.41,-29.939
15.07,-29.939
17.73,-29.939
20.39,-29.939
23.05,-29.939
25.71,-29.939
28.37,-29.939
31.03,-29.939
33.69,-29.939
36.35,-29.939
39.01,-29.939
41.67,-29.939
44.33,-29.939
46.99,-29.939
49.65,-29.939
52.31,-29.939
54.97,-29.939
57.63,-29.939
60.29,-29.939
62.95,-29.939
65.61,-29.939
68.27,-29.939
70.93,-29.939
73.59,-29.939
76.25,-29.939
78.91,-29.939
81.57,-29.939
84.23,-29.939
86.89,-29.939
89.55,-29.939
-90,-28.0902
-87.34,-28.0902
-84.68,-28.0902
-82.02,-28.0902
-79.36,-28.0902
-76.7,-28.0902
-74.04,-28.0902
-71.38,-28.0902
-68.72,-28.0902
-66.06,-28.0902
-63.4,-28.0902
-60.74,-28.0902
-58.08,-28.0902
-55.42,-28.0902
-52.76,-28.0902
-50.1,-28.0902
-47.44,-28.0902
-44.78,-28.0902
-42.12,-28.0902
-39.46,-28.0902
-36.8,-28.0902
-34.14,-28.0902
-31.48,-28.0902
-28.82,-28.0902
-26.16,-28.0902
-23.5,-28.0902
-20.84,-28.0902
-18.18,-28.0902
-15.52,-28.0902
-12.86,-28.0902
-10.2,-28.0902
-7.54,-28.0902
-4.88,-28.0902
-2.22,-28.0902
0.44,-28.0902
3.1,-28.0902
5.76,-28.0902
8.42,-28.0902
11.08,-28.0902
13.74,-28.0902
16.4,-28.0902
19.06,-28.0902
21.72,-28.0902
24.38,-28.0902
27.04,-28.0902
29.7,-28.0902
32.36,-28.0902
35.02,-28.0902
37.68,-28.0902
40.34,-28.0902
43,-28.0902
45.66,-28.0902
48.32,-28.0902
50.98,-28.0902
53.64,-28.0902
56.3,-28.0902
58.96,-28.0902
61.62,-28.0902
64.28,-28.0902
66.94,-28.0902
69.6,-28.0902
72.26,-28.0902
74.92,-28.0902
77.58,-28.0902
80.24,-28.0902
82.9,-28.0902
85.56,-28.0902
88.22,-28.0902
-88.67,-26.3314
-86.01,-26.3314
-83.35,-26.3314
-80.69,-26.3314
-78.03,-26.3314
-75.37,-26.3314
-72.71,-26.3314
-70.05,-26.3314
-67.39,-26.3314
-64.73,-26.3314
-62.07,-26.3314
-59.41,-26.3314
-56.75,-26.3314
-54.09,-26.3314
-51.43,-26.3314
-48.77,-26.3314
-46.11,-26.3314
-43.45,-26.3314
-40.79,-26.3314
-38.13,-26.3314
-35.47,-26.3314
-32.81,-26.3314
-30.15,-26.3314
-27.49,-26.3314
-24.83,-26.3314
-22.17,-26.3314
-19.51,-26.3314
-16.85,-26.3314
-14.19,-26.3314
-11.53,-26.3314
-8.87,-26.3314
-6.21,-26.3314
-3.55,-26.3314
-0.89,-26.3314
1.77,-26.3314
4.43,-26.3314
7.09,-26.3314
9.75,-26.3314
12.41,-26.3314
15.07,-26.3314
17.73,-26.3314
20.39,-26.3314
23.05,-26.3314
25.71,-26.3314
28.37,-26.3314
31.03,-26.3314
33.69,-26.3314
36.35,-26.3314
39.01,-26.3314
41.67,-26.3314
44.33,-26.3314
46.99,-26.3314
49.65,-26.3314
52.31,-26.3314
54.97,-26.3314
57.63,-26.3314
60.29,-26.3314
62.95,-26.3314
65.61,-26.3314
68.27,-26.3314
70.93,-26.3314
73.59,-26.3314
76.25,-26.3314
78.91,-26.3314
81.57,-26.3314
84.23,-26.3314
86.89,-26.3314
89.55,-26.3314
-90,-24.6582
-87.34,-24.6582
-84.68,-24.6582
-82.02,-24.6582
-79.36,-24.6582
-76.7,-24.6582
-74.04,-24.6582
-71.38,-24.6582
-68.72,-24.6582
-66.06,-24.6582
-63.4,-24.6582
-60.74,-24.6582
-58.08,-24.6582
-55.42,-24.6582
-52.76,-24.6582
-50.1,-24.6582
-47.44,-24.6582
-44.78,-24.6582
-42.12,-24.6582
-39.46,-24.6582
-36.8,-24.6582
-34.14,-24.6582
-31.48,-24.6582
-28.82,-24.6582
-26.16,-24.6582
-23.5,-24.6582
-20.84,-24.6582
-18.18,-24.6582
-15.52,-24.6582
-12.86,-24.6582
-10.2,-24.6582
-7.54,-24.6582
-4.88,-24.6582
-2.22,-24.6582
0.44,-24.6582
3.1,-24.6582
5.76,-24.6582
8.42,-24.6582
11.08,-24.6582
13.74,-24.6582
16.4,-24.6582
19.06,-24.6582
21.72,-24.6582
24.38,-24.6582
27.04,-24.6582
29.7,-24.6582
32.36,-24.6582
35.02,-24.6582
37.68,-24.6582
40.34,-24.6582
43,-24.6582
45.66,-24.6582
48.32,-24.6582
50.98,-24.6582
53.64,-24.6582
56.3,-24.6582
58.96,-24.6582
61.62,-24.6582
64.28,-24.6582
66.94,-24.6582
69.6,-24.6582
72.26,-24.6582
74.92,-24.6582
77.58,-24.6582
80.24,-24.6582
82.9,-24.6582
85.56,-24.6582
88.22,-24.6582
-88.67,-23.0666
-86.01,-23.0666
-83.35,-23.0666
-80.69,-23.0666
-78.03,-23.0666
-75.37,-23.0666
-72.71,-23.0666
-70.05,-23.0666
-67.39,-23.0666
-64.73,-23.0666
-62.07,-23.0666
-59.41,-23.0666
-56.75,-23.0666
-54.09,-23.0666
-51.43,-23.0666
-48.77,-23.0666
-46.11,-23.0666
-43.45,-23.0666
-40.79,-23.0666
-38.13,-23.0666
-35.47,-23.0666
-32.81,-23.0666
-30.15,-23.0666
-27.49,-23.0666
-24.83,-23.0666
-22.17,-23.0666
-19.51,-23.0666
-16.85,-23.0666
-14.19,-23.0666
-11.53,-23.0666
-8.87,-23.0666
-6.21,-23.0666
-3.55,-23.0666
-0.89,-23.0666
1.77,-23.0666
4.43,-23.0666
7.09,-23.0666
9.75,-23.0666
12.41,-23.0666
15.07,-23.0666
17.73,-23.0666
20.39,-23.0666
23.05,-23.0666
25.71,-23.0666
28.37,-23.0666
31.03,-23.0666
33.69,-23.0666
36.35,-23.0666
39.01,-23.0666
41.67,-23.0666
44.33,-23.0666
46.99,-23.0666
49.65,-23.0666
52.31,-23.0666
54.97,-23.0666
57.63,-23.0666
60.29,-23.0666
62.95,-23.0666
65.61,-23.0666
68.27,-23.0666
70.93,-23.0666
73.59,-23.0666
76.25,-23.0666
78.91,-23.0666
81.57,-23.0666
84.23,-23.0666
86.89,-23.0666
89.55,-23.0666
-90,-21.5524
-87.34,-21.5524
-84.68,-21.5524
-82.02,-21.5524
-79.36,-21.5524
-76.7,-21.5524
-74.04,-21.5524
-71.38,-21.5524
-68.72,-21.5524
-66.06,-21.5524
-63.4,-21.5524
-60.74,-21.5524
-58.08,-21.5524
-55.42,-21.5524
-52.76,-21.5524
-50.1,-21.5524
-47.44,-21.5524
-44.78,-21.5524
-42.12,-21.5524
-39.46,-21.5524
-36.8,-21.5524
-34.14,-21.5524
-31.48,-21.5524
-28.82,-21.5524
-26.16,-21.5524
-23.5,-21.5524
-20.84,-21.5524
-18.18,-21.5524
-15.52,-21.5524
-12.86,-21.5524
-10.2,-21.5524
-7.54,-21.5524
-4.88,-21.5524
-2.22,-21.5524
0.44,-21.5524
3.1,-21.5524
5.76,-21.5524
8.42,-21.5524
11.08,-21.5524
13.74,-21.5524
16.4,-21.5524
19.06,-21.5524
21.72,-21.5524
24.38,-21.5524
27.04,-21.5524
29.7,-21.5524
32.36,-21.5524
35.02,-21.5524
37.68,-21.5524
40.34,-21.5524
43,-21.5524
45.66,-21.5524
48.32,-21.5524
50.98,-21.5524
53.64,-21.5524
56.3,-21.5524
58.96,-21.5524
61.62,-21.5524
64.28,-21.5524
66.94,-21.5524
69.6,-21.5524
72.26,-21.5524
74.92,-21.5524
77.58,-21.5524
80.24,-21.5524
82.9,-21.5524
85.56,-21.5524
88.22,-21.5524
-88.67,-20.112
-86.01,-20.112
-83.35,-20.112
-80.69,-20.112
-78.03,-20.112
-75.37,-20.112
-72.71,-20.112
-70.05,-20.112
-67.39,-20.112
-64.73,-20.112
-62.07,-20.112
-59.41,-20.112
-56.75,-20.112
-54.09,-20.112
-51.43,-20.112
-48.77,-20.112
-46.11,-20.112
-43.45,-20.112
-40.79,-20.112
-38.13,-20.112
-35.47,-20.112
-32.81,-20.112
-30.15,-20.112
-27.49,-20.112
-24.83,-20.112
-22.17,-20.112
-19.51,-20.112
-16.85,-20.112
-14.19,-20.112
-11.53,-20.112
-8.87,-20.112
-6.21,-20.112
-3.55,-20.112
-0.89,-20.112
1.77,-20.112
4.43,-20.112
7.09,-20.112
9.75,-20.112
12.41,-20.112
15.07,-20.112
17.73,-20.112
20.39,-20.112
23.05,-20.112
25.71,-20.112
28.37,-20.112
31.03,-20.112
33.69,-20.112
36.35,-20.112
39.01,-20.112
41.67,-20.112
44.33,-20.112
46.99,-20.112
49.65,-20.112
52.31,-20.112
54.97,-20.112
57.63,-20.112
60.29,-20.112
62.95,-20.112
65.61,-20.112
68.27,-20.112
70.93,-20.112
73.59,-20.112
76.25,-20.112
78.91,-20.112
81.57,-20.112
84.23,-20.112
86.89,-20.112
89.55,-20.112
-90,-18.7418
-87.34,-18.7418
-84.68,-18.7418
-82.02,-18.7418
-79.36,-18.7418
-76.7,-18.7418
-74.04,-18.7418
-71.38,-18.7418
-68.72,-18.7418
-66.06,-18.7418
-63.4,-18.7418
-60.74,-18.7418
-58.08,-18.7418
-55.42,-18.7418
-52.76,-18.7418
-50.1,-18.7418
-47.44,-18.7418
-44.78,-18.7418
-42.12,-18.7418
-39.46,-18.7418
-36.8,-18.7418
-34.14,-18.7418
-31.48,-18.7418
-28.82,-18.7418
-26.16,-18.7418
-23.5,-18.7418
-20.84,-18.7418
-18.18,-18.7418
-15.52,-18.7418
-12.86,-18.7418
-10.2,-18.7418
-7.54,-18.7418
-4.88,-18.7418
-2.22,-18.7418
0.44,-18.7418
3.1,-18.7418
5.76,-18.7418
8.42,-18.7418
11.08,-18.7418
13.74,-18.7418
16.4,-18.7418
19.06,-18.7418
21.72,-18.7418
24.38,-18.7418
27.04,-18.7418
29.7,-18.7418
32.36,-18.7418
35.02,-18.7418
37.68,-18.7418
40.34,-18.7418
43,-18.7418
45.66,-18.7418
48.32,-18.7418
50.98,-18.7418
53.64,-18.7418
56.3,-18.7418
58.96,-18.7418
61.62,-18.7418
64.28,-18.7418
66.94,-18.7418
69.6,-18.7418
72.26,-18.7418
74.92,-18.7418
77.58,-18.7418
80.24,-18.7418
82.9,-18.7418
85.56,-18.7418
88.22,-18.7418
-88.67,-17.4382
-86.01,-17.4382
-83.35,-17.4382
-80.69,-17.4382
-78.03,-17.4382
-75.37,-17.4382
-72.71,-17.4382
-70.05,-17.4382
-67.39,-17.4382
-64.73,-17.4382
-62.07,-17.4382
-59.41,-17.4382
-56.75,-17.4382
-54.09,-17.4382
-51.43,-17.4382
-48.77,-17.4382
-46.11,-17.4382
-43.45,-17.4382
-40.79,-17.4382
-38.13,-17.4382
-35.47,-17.4382
-32.81,-17.4382
-30.15,-17.4382
-27.49,-17.4382
-24.83,-17.4382
-22.17,-17.4382
-19.51,-17.4382
-16.85,-17.4382
-14.19,-17.4382
-11.53,-17.4382
-8.87,-17.4382
-6.21,-17.4382
-3.55,-17.4382
-0.89,-17.4382
1.77,-17.4382
4.43,-17.4382
7.09,-17.4382
9.75,-17.4382
12.41,-17.4382
15.07,-17.4382
17.73,-17.4382
20.39,-17.4382
23.05,-17.4382
25.71,-17.4382
28.37,-17.4382
31.03,-17.4382
33.69,-17.4382
36.35,-17.4382
39.01,-17.4382
41.67,-17.4382
44.33,-17.4382
46.99,-17.4382
49.65,-17.4382
52.31,-17.4382
54.97,-17.4382
57.63,-17.4382
60.29,-17.4382
62.95,-17.4382
65.61,-17.4382
68.27,-17.4382
70.93,-17.4382
73.59,-17.4382
76.25,-17.4382
78.91,-17.4382
81.57,-17.4382
84.23,-17.4382
86.89,-17.4382
89.55,-17.4382
-90,-16.1982
-87.34,-16.1982
-84.68,-16.1982
-82.02,-16.1982
-79.36,-16.1982
-76.7,-16.1982
-74.04,-16.1982
-71.38,-16.1982
-68.72,-16.1982
-66.06,-16.1982
-63.4,-16.1982
-60.74,-16.1982
-58.08,-16.1982
-55.42,-16.1982
-52.76,-16.1982
-50.1,-16.1982
-47.44,-16.1982
-44.78,-16.1982
-42.12,-16.1982
-39.46,-16.1982
-36.8,-16.1982
-34.14,-16.1982
-31.48,-16.1982
-28.82,-16.1982
-26.16,-16.1982
-23.5,-16.1982
-20.84,-16.1982
-18.18,-16.1982
-15.52,-16.1982
-12.86,-16.1982
-10.2,-16.1982
-7.54,-16.1982
-4.88,-16.1982
-2.22,-16.1982
0.44,-16.1982
3.1,-16.1982
5.76,-16.1982
8.42,-16.1982
11.08,-16.1982
13.74,-16.1982
16.4,-16.1982
19.06,-16.1982
21.72,-16.1982
24.38,-16.1982
27.04,-16.1982
29.7,-16.1982
32.36,-16.1982
35.02,-16.1982
37.68,-16.1982
40.34,-16.1982
43,-16.1982
45.66,-16.1982
48.32,-16.1982
50.98,-16.1982
53.64,-16.1982
56.3,-16.1982
58.96,-16.1982
61.62,-16.1982
64.28,-16.1982
66.94,-16.1982
69.6,-16.1982
72.26,-16.1982
74.92,-16.1982
77.58,-16.1982
80.24,-16.1982
82.9,-16.1982
85.56,-16.1982
88.22,-16.1982
-88.67,-15.0186
-86.01,-15.0186
-83.35,-15.0186
-80.69,-15.0186
-78.03,-15.0186
-75.37,-15.0186
-72.71,-15.0186
-70.05,-15.0186
-67.39,-15.0186
-64.73,-15.0186
-62.07,-15.0186
-59.41,-15.0186
-56.75,-15.0186
-54.09,-15.0186
-51.43,-15.0186
-48.77,-15.0186
-46.11,-15.0186
-43.45,-15.0186
-40.79,-15.0186
-38.13,-15.0186
-35.47,-15.0186
-32.81,-15.0186
-30.15,-15.0186
-27.49,-15.0186
-24.83,-15.0186
-22.17,-15.0186
-19.51,-15.0186
-16.85,-15.0186
-14.19,-15.0186
-11.53,-15.0186
-8.87,-15.0186
-6.21,-15.0186
-3.55,-15.0186
-0.89,-15.0186
1.77,-15.0186
4.43,-15.0186
7.09,-15.0186
9.75,-15.0186
12.41,-15.0186
15.07,-15.0186
17.73,-15.0186
20.39,-15.0186
23.05,-15.0186
25.71,-15.0186
28.37,-15.0186
31.03,-15.0186
33.69,-15.0186
36.35,-15.0186
39.01,-15.0186
41.67,-15.0186
44.33,-15.0186
46.99,-15.0186
49.65,-15.0186
52.31,-15.0186
54.97,-15.0186
57.63,-15.0186
60.29,-15.0186
62.95,-15.0186
65.61,-15.0186
68.27,-15.0186
70.93,-15.0186
73.59,-15.0186
76.25,-15.0186
78.91,-15.0186
81.57,-15.0186
84.23,-15.0186
86.89,-15.0186
89.55,-15.0186
-90,-13.8963
-87.34,-13.8963
-84.68,-13.8963
-82.02,-13.8963
-79.36,-13.8963
-76.7,-13.8963
-74.04,-13.8963
-71.38,-13.8963
-68.72,-13.8963
-66.06,-13.8963
-63.4,-13.8963
-60.74,-13.8963
-58.08,-13.8963
-55.42,-13.8963
-52.76,-13.8963
-50.1,-13.8963
-47.44,-13.8963
-44.78,-13.8963
-42.12,-13.8963
-39.46,-13.8963
-36.8,-13.8963
-34.14,-13.8963
-31.48,-13.8963
-28.82,-13.8963
-26.16,-13.8963
-23.5,-13.8963
-20.84,-13.8963
-18.18,-13.8963
-15.52,-13.8963
-12.86,-13.8963
-10.2,-13.8963
-7.54,-13.8963
-4.88,-13.8963
-2.22,-13.8963
0.44,-13.8963
3.1,-13.8963
5.76,-13.8963
8.42,-13.8963
11.08,-13.8963
13.74,-13.8963
16.4,-13.8963
19.06,-13.8963
21.72,-13.8963
24.38,-13.8963
27.04,-13.8963
29.7,-13.8963
32.36,-13.8963
35.02,-13.8963
37.68,-13.8963
40.34,-13.8963
43,-13.8963
45.66,-13.8963
48.32,-13.8963
50.98,-13.8963
53.64,-13.8963
56.3,-13.8963
58.96,-13.8963
61.62,-13.8963
64.28,-13.8963
66.94,-13.8963
69.6,-13.8963
72.26,-13.8963
74.92,-13.8963
77.58,-13.8963
80.24,-13.8963
82.9,-13.8963
85.56,-13.8963
88.22,-13.8963
-88.67,-12.8288
-86.01,-12.8288
-83.35,-12.8288
-80.69,-12.8288
-78.03,-12.8288
-75.37,-12.8288
-72.71,-12.8288
-70.05,-12.8288
-67.39,-12.8288
-64.73,-12.8288
-62.07,-12.8288
-59.41,-12.8288
-56.75,-12.8288
-54.09,-12.8288
-51.43,-12.8288
-48.77,-12.8288
-46.11,-12.8288
-43.45,-12.8288
-40.79,-12.8288
-38.13,-12.8288
-35.47,-12.8288
-32.81,-12.8288
-30.15,-12.8288
-27.49,-12.8288
-24.83,-12.8288
-22.17,-12.8288
-19.51,-12.8288
-16.85,-12.8288
-14.19,-12.8288
-11.53,-12.8288
-8.87,-12.8288
-6.21,-12.8288
-3.55,-12.8288
-0.89,-12.8288
1.77,-12.8288
4.43,-12.8288
7.09,-12.8288
9.75,-12.8288
12.41,-12.8288
15.07,-12.8288
17.73,-12.8288
20.39,-12.8288
23.05,-12.8288
25.71,-12.8288
28.37,-12.8288
31.03,-12.8288
33.69,-12.8288
36.35,-12.8288
39.01,-12.8288
41.67,-12.8288
44.33,-12.8288
46.99,-12.8288
49.65,-12.8288
52.31,-12.8288
54.97,-12.8288
57.63,-12.8288
60.29,-12.8288
62.95,-12.8288
65.61,-12.8288
68.27,-12.8288
70.93,-12.8288
73.59,-12.8288
76.25,-12.8288
78.91,-12.8288
81.57,-12.8288
84.23,-12.8288
86.89,-12.8288
89.55,-12.8288
-90,-11.8132
-87.34,-11.8132
-84.68,-11.8132
-82.02,-11.8132
-79.36,-11.8132
-76.7,-11.8132
-74.04,-11.8132
-71.38,-11.8132
-68.72,-11.8132
-66.06,-11.8132
-63.4,-11.8132
-60.74,-11.8132
-58.08,-11.8132
-55.42,-11.8132
-52.76,-11.8132
-50.1,-11.8132
-47.44,-11.8132
-44.78,-11.8132
-42.12,-11.8132
-39.46,-11.8132
-36.8,-11.8132
-34.14,-11.8132
-31.48,-11.8132
-28.82,-11.8132
-26.16,-11.8132
-23.5,-11.8132
-20.84,-11.8132
-18.18,-11.8132
-15.52,-11.8132
-12.86,-11.8132
-10.2,-11.8132
-7.54,-11.8132
-4.88,-11.8132
-2.22,-11.8132
0.44,-11.8132
3.1,-11.8132
5.76,-11.8132
8.42,-11.8132
11.08,-11.8132
13.74,-11.8132
16.4,-11.8132
19.06,-11.8132
21.72,-11.8132
24.38,-11.8132
27.04,-11.8132
29.7,-11.8132
32.36,-11.8132
35.02,-11.8132
37.68,-11.8132
40.34,-11.8132
43,-11.8132
45.66,-11.8132
48.32,-11.8132
50.98,-11.8132
53.64,-11.8132
56.3,-11.8132
58.96,-11.8132
61.62,-11.8132
64.28,-11.8132
66.94,-11.8132
69.6,-11.8132
72.26,-11.8132
74.92,-11.8132
77.58,-11.8132
80.24,-11.8132
82.9,-11.8132
85.56,-11.8132
88.22,-11.8132
-88.67,-10.8471
-86.01,-10.8471
-83.35,-10.8471
-80.69,-10.8471
-78.03,-10.8471
-75.37,-10.8471
-72.71,-10.8471
-70.05,-10.8471
-67.39,-10.8471
-64.73,-10.8471
-62.07,-10.8471
-59.41,-10.8471
-56.75,-10.8471
-54.09,-10.8471
-51.43,-10.8471
-48.77,-10.8471
-46.11,-10.8471
-43.45,-10.8471
-40.79,-10.8471
-38.13,-10.8471
-35.47,-10.8471
-32.81,-10.8471
-30.15,-10.8471
-27.49,-10.8471
-24.83,-10.8471
-22.17,-10.8471
-19.51,-10.8471
-16.85,-10.8471
-14.19,-10.8471
-11.53,-10.8471
-8.87,-10.8471
-6.21,-10.8471
-3.55,-10.8471
-0.89,-10.8471
1.77,-10.8471
4.43,-10.8471
7.09,-10.8471
9.75,-10.8471
12.41,-10.8471
15.07,-10.8471
17.73,-10.8471
20.39,-10.8471
23.05,-10.8471
25.71,-10.8471
28.37,-10.8471
31.03,-10.8471
33.69,-10.8471
36.35,-10.8471
39.01,-10.8471
41.67,-10.8471
44.33,-10.8471
46.99,-10.8471
49.65,-10.8471
52.31,-10.8471
54.97,-10.8471
57.63,-10.8471
60.29,-10.8471
62.95,-10.8471
65.61,-10.8471
68.27,-10.8471
70.93,-10.8471
73.59,-10.8471
76.25,-10.8471
78.91,-10.8471
81.57,-10.8471
84.23,-10.8471
86.89,-10.8471
89.55,-10.8471
-90,-9.9281
-87.34,-9.9281
-84.68,-9.9281
-82.02,-9.9281
-79.36,-9.9281
-76.7,-9.9281
-74.04,-9.9281
-71.38,-9.9281
-68.72,-9.9281
-66.06,-9.9281
-63.4,-9.9281
-60.74,-9.9281
-58.08,-9.9281
-55.42,-9.9281
-52.76,-9.9281
-50.1,-9.9281
-47.44,-9.9281
-44.78,-9.9281
-42.12,-9.9281
-39.46,-9.9281
-36.8,-9.9281
-34.14,-9.9281
-31.48,-9.9281
-28.82,-9.9281
-26.16,-9.9281
-23.5,-9.9281
-20.84,-9.9281
-18.18,-9.9281
-15.52,-9.9281
-12.86,-9.9281
-10.2,-9.9281
-7.54,-9.9281
-4.88,-9.9281
-2.22,-9.9281
0.44,-9.9281
3.1,-9.9281
5.76,-9.9281
8.42,-9.9281
11.08,-9.9281
13.74,-9.9281
16.4,-9.9281
19.06,-9.9281
21.72,-9.9281
24.38,-9.9281
27.04,-9.9281
29.7,-9.9281
32.36,-9.9281
35.02,-9.9281
37.68,-9.9281
40.34,-9.9281
43,-9.9281
45.66,-9.9281
48.32,-9.9281
50.98,-9.9281
53.64,-9.9281
56.3,-9.9281
58.96,-9.9281
61.62,-9.9281
64.28,-9.9281
66.94,-9.9281
69.6,-9.9281
72.26,-9.9281
74.92,-9.9281
77.58,-9.9281
80.24,-9.9281
82.9,-9.9281
85.56,-9.9281
88.22,-9.9281
-88.67,-9.0538
-86.01,-9.0538
-83.35,-9.0538
-80.69,-9.0538
-78.03,-9.0538
-75.37,-9.0538
-72.71,-9.0538
-70.05,-9.0538
-67.39,-9.0538
-64.73,-9.0538
-62.07,-9.0538
-59.41,-9.0538
-56.75,-9.0538
-54.09,-9.0538
-51.43,-9.0538
-48.77,-9.0538
-46.11,-9.0538
-43.45,-9.0538
-40.79,-9.0538
-38.13,-9.0538
-35.47,-9.0538
-32.81,-9.0538
-30.15,-9.0538
-27.49,-9.0538
-24.83,-9.0538
-22.17,-9.0538
-19.51,-9.0538
-16.85,-9.0538
-14.19,-9.0538
-11.53,-9.0538
-8.87,-9.0538
-6.21,-9.0538
-3.55,-9.0538
-0.89,-9.0538
1.77,-9.0538
4.43,-9.0538
7.09,-9.0538
9.75,-9.0538
12.41,-9.0538
15.07,-9.0538
17.73,-9.0538
20.39,-9.0538
23.05,-9.0538
25.71,-9.0538
28.37,-9.0538
31.03,-9.0538
33.69,-9.0538
36.35,-9.0538
39.01,-9.0538
41.67,-9.0538
44.33,-9.0538
46.99,-9.0538
49.65,-9.0538
52.31,-9.0538
54.97,-9.0538
57.63,-9.0538
60.29,-9.0538
62.95,-9.0538
65.61,-9.0538
68.27,-9.0538
70.93,-9.0538
73.59,-9.0538
76.25,-9.0538
78.91,-9.0538
81.57,-9.0538
84.23,-9.0538
86.89,-9.0538
89.55,-9.0538
-90,-8.2221
-87.34,-8.2221
-84.68,-8.2221
-82.02,-8.2221
-79.36,-8.2221
-76.7,-8.2221
-74.04,-8.2221
-71.38,-8.2221
-68.72,-8.2221
-66.06,-8.2221
-63.4,-8.2221
-60.74,-8.2221
-58.08,-8.2221
-55.42,-8.2221
-52.76,-8.2221
-50.1,-8.2221
-47.44,-8.2221
-44.78,-8.2221
-42.12,-8.2221
-39.46,-8.2221
-36.8,-8.2221
-34.14,-8.2221
-31.48,-8.2221
-28.82,-8.2221
-26.16,-8.2221
-23.5,-8.2221
-20.84,-8.2221
-18.18,-8.2221
-15.52,-8.2221
-12.86,-8.2221
-10.2,-8.2221
-7.54,-8.2221
-4.88,-8.2221
-2.22,-8.2221
0.44,-8.2221
3.1,-8.2221
5.76,-8.2221
8.42,-8.2221
11.08,-8.2221
13.74,-8.2221
16.4,-8.2221
19.06,-8.2221
21.72,-8.2221
24.38,-8.2221
27.04,-8.2221
29.7,-8.2221
32.36,-8.2221
35.02,-8.2221
37.68,-8.2221
40.34,-8.2221
43,-8.2221
45.66,-8.2221
48.32,-8.2221
50.98,-8.2221
53.64,-8.2221
56.3,-8.2221
58.96,-8.2221
61.62,-8.2221
64.28,-8.2221
66.94,-8.2221
69.6,-8.2221
72.26,-8.2221
74.92,-8.2221
77.58,-8.2221
80.24,-8.2221
82.9,-8.2221
85.56,-8.2221
88.22,-8.2221
-88.67,-7.4308
-86.01,-7.4308
-83.35,-7.4308
-80.69,-7.4308
-78.03,-7.4308
-75.37,-7.4308
-72.71,-7.4308
-70.05,-7.4308
-67.39,-7.4308
-64.73,-7.4308
-62.07,-7.4308
-59.41,-7.4308
-56.75,-7.4308
-54.09,-7.4308
-51.43,-7.4308
-48.77,-7.4308
-46.11,-7.4308
-43.45,-7.4308
-40.79,-7.4308
-38.13,-7.4308
-35.47,-7.4308
-32.81,-7.4308
-30.15,-7.4308
-27.49,-7.4308
-24.83,-7.4308
-22.17,-7.4308
-19.51,-7.4308
-16.85,-7.4308
-14.19,-7.4308
-11.53,-7.4308
-8.87,-7.4308
-6.21,-7.4308
-3.55,-7.4308
-0.89,-7.4308
1.77,-7.4308
4.43,-7.4308
7.09,-7.4308
9.75,-7.4308
12.41,-7.4308
15.07,-7.4308
17.73,-7.4308
20.39,-7.4308
23.05,-7.4308
25.71,-7.4308
28.37,-7.4308
31.03,-7.4308
33.69,-7.4308
36.35,-7.4308
39.01,-7.4308
41.67,-7.4308
44.33,-7.4308
46.99,-7.4308
49.65,-7.4308
52.31,-7.4308
54.97,-7.4308
57.63,-7.4308
60.29,-7.4308
62.95,-7.4308
65.61,-7.4308
68.27,-7.4308
70.93,-7.4308
73.59,-7.4308
76.25,-7.4308
78.91,-7.4308
81.57,-7.4308
84.23,-7.4308
86.89,-7.4308
89.55,-7.4308
-90,-6.6782
-87.34,-6.6782
-84.68,-6.6782
-82.02,-6.6782
-79.36,-6.6782
-76.7,-6.6782
-74.04,-6.6782
-71.38,-6.6782
-68.72,-6.6782
-66.06,-6.6782
-63.4,-6.6782
-60.74,-6.6782
-58.08,-6.6782
-55.42,-6.6782
-52.76,-6.6782
-50.1,-6.6782
-47.44,-6.6782
-44.78,-6.6782
-42.12,-6.6782
-39.46,-6.6782
-36.8,-6.6782
-34.14,-6.6782
-31.48,-6.6782
-28.82,-6.6782
-26.16,-6.6782
-23.5,-6.6782
-20.84,-6.6782
-18.18,-6.6782
-15.52,-6.6782
-12.86,-6.6782
-10.2,-6.6782
-7.54,-6.6782
-4.88,-6.6782
-2.22,-6.6782
0.44,-6.6782
3.1,-6.6782
5.76,-6.6782
8.42,-6.6782
11.08,-6.6782
13.74,-6.6782
16.4,-6.6782
19.06,-6.6782
21.72,-6.6782
24.38,-6.6782
27.04,-6.6782
29.7,-6.6782
32.36,-6.6782
35.02,-6.6782
37.68,-6.6782
40.34,-6.6782
43,-6.6782
45.66,-6.6782
48.32,-6.6782
50.98,-6.6782
53.64,-6.6782
56.3,-6.6782
58.96,-6.6782
61.62,-6.6782
64.28,-6.6782
66.94,-6.6782
69.6,-6.6782
72.26,-6.6782
74.92,-6.6782
77.58,-6.6782
80.24,-6.6782
82.9,-6.6782
85.56,-6.6782
88.22,-6.6782
-88.67,-5.9621
-86.01,-5.9621
-83.35,-5.9621
-80.69,-5.9621
-78.03,-5.9621
-75.37,-5.9621
-72.71,-5.9621
-70.05,-5.9621
-67.39,-5.9621
-64.73,-5.9621
-62.07,-5.9621
-59.41,-5.9621
-56.75,-5.9621
-54.09,-5.9621
-51.43,-5.9621
-48.77,-5.9621
-46.11,-5.9621
-43.45,-5.9621
-40.79,-5.9621
-38.13,-5.9621
-35.47,-5.9621
-32.81,-5.9621
-30.15,-5.9621
-27.49,-5.9621
-24.83,-5.9621
-22.17,-5.9621
-19.51,-5.9621
-16.85,-5.9621
-14.19,-5.9621
-11.53,-5.9621
-8.87,-5.9621
-6.21,-5.9621
-3.55,-5.9621
-0.89,-5.9621
1.77,-5.9621
4.43,-5.9621
7.09,-5.9621
9.75,-5.9621
12.41,-5.9621
15.07,-5.9621
17.73,-5.9621
20.39,-5.9621
23.05,-5.9621
25.71,-5.9621
28.37,-5.9621
31.03,-5.9621
33.69,-5.9621
36.35,-5.9621
39.01,-5.9621
41.67,-5.9621
44.33,-5.9621
46.99,-5.9621
49.65,-5.9621
52.31,-5.9621
54.97,-5.9621
57.63,-5.9621
60.29,-5.9621
62.95,-5.9621
65.61,-5.9621
68.27,-5.9621
70.93,-5.9621
73.59,-5.9621
76.25,-5.9621
78.91,-5.9621
81.57,-5.9621
84.23,-5.9621
86.89,-5.9621
89.55,-5.9621
-90,-5.281
-87.34,-5.281
-84.68,-5.281
-82.02,-5.281
-79.36,-5.281
-76.7,-5.281
-74.04,-5.281
-71.38,-5.281
-68.72,-5.281
-66.06,-5.281
-63.4,-5.281
-60.74,-5.281
-58.08,-5.281
-55.42,-5.281
-52.76,-5.281
-50.1,-5.281
-47.44,-5.281
-44.78,-5.281
-42.12,-5.281
-39.46,-5.281
-36.8,-5.281
-34.14,-5.281
-31.48,-5.281
-28.82,-5.281
-26.16,-5.281
-23.5,-5.281
-20.84,-5.281
-18.18,-5.281
-15.52,-5.281
-12.86,-5.281
-10.2,-5.281
-7.54,-5.281
-4.88,-5.281
-2.22,-5.281
0.44,-5.281
3.1,-5.281
5.76,-5.281
8.42,-5.281
11.08,-5.281
13.74,-5.281
16.4,-5.281
19.06,-5.281
21.72,-5.281
24.38,-5.281
27.04,-5.281
29.7,-5.281
32.36,-5.281
35.02,-5.281
37.68,-5.281
40.34,-5.281
43,-5.281
45.66,-5.281
48.32,-5.281
50.98,-5.281
53.64,-5.281
56.3,-5.281
58.96,-5.281
61.62,-5.281
64.28,-5.281
66.94,-5.281
69.6,-5.281
72.26,-5.281
74.92,-5.281
77.58,-5.281
80.24,-5.281
82.9,-5.281
85.56,-5.281
88.22,-5.281
-88.67,-4.633
-86.01,-4.633
-83.35,-4.633
-80.69,-4.633
-78.03,-4.633
-75.37,-4.633
-72.71,-4.633
-70.05,-4.633
-67.39,-4.633
-64.73,-4.633
-62.07,-4.633
-59.41,-4.633
-56.75,-4.633
-54.09,-4.633
-51.43,-4.633
-48.77,-4.633
-46.11,-4.633
-43.45,-4.633
-40.79,-4.633
-38.13,-4.633
-35.47,-4.633
-32.81,-4.633
-30.15,-4.633
-27.49,-4.633
-24.83,-4.633
-22.17,-4.633
-19.51,-4.633
-16.85,-4.633
-14.19,-4.633
-11.53,-4.633
-8.87,-4.633
-6.21,-4.633
-3.55,-4.633
-0.89,-4.633
1.77,-4.633
4.43,-4.633
7.09,-4.633
9.75,-4.633
12.41,-4.633
15.07,-4.633
17.73,-4.633
20.39,-4.633
23.05,-4.633
25.71,-4.633
28.37,-4.633
31.03,-4.633
33.69,-4.633
36.35,-4.633
39.01,-4.633
41.67,-4.633
44.33,-4.633
46.99,-4.633
49.65,-4.633
52.31,-4.633
54.97,-4.633
57.63,-4.633
60.29,-4.633
62.95,-4.633
65.61,-4.633
68.27,-4.633
70.93,-4.633
73.59,-4.633
76.25,-4.633
78.91,-4.633
81.57,-4.633
84.23,-4.633
86.89,-4.633
89.55,-4.633
-90,-4.0166
-87.34,-4.0166
-84.68,-4.0166
-82.02,-4.0166
-79.36,-4.0166
-76.7,-4.0166
-74.04,-4.0166
-71.38,-4.0166
-68.72,-4.0166
-66.06,-4.0166
-63.4,-4.0166
-60.74,-4.0166
-58.08,-4.0166
-55.42,-4.0166
-52.76,-4.0166
-50.1,-4.0166
-47.44,-4.0166
-44.78,-4.0166
-42.12,-4.0166
-39.46,-4.0166
-36.8,-4.0166
-34.14,-4.0166
-31.48,-4.0166
-28.82,-4.0166
-26.16,-4.0166
-23.5,-4.0166
-20.84,-4.0166
-18.18,-4.0166
-15.52,-4.0166
-12.86,-4.0166
-10.2,-4.0166
-7.54,-4.0166
-4.88,-4.0166
-2.22,-4.0166
0.44,-4.0166
3.1,-4.0166
5.76,-4.0166
8.42,-4.0166
11.08,-4.0166
13.74,-4.0166
16.4,-4.0166
19.06,-4.0166
21.72,-4.0166
24.38,-4.0166
27.04,-4.0166
29.7,-4.0166
32.36,-4.0166
35.02,-4.0166
37.68,-4.0166
40.34,-4.0166
43,-4.0166
45.66,-4.0166
48.32,-4.0166
50.98,-4.0166
53.64,-4.0166
56.3,-4.0166
58.96,-4.0166
61.62,-4.0166
64.28,-4.0166
66.94,-4.0166
69.6,-4.0166
72.26,-4.0166
74.92,-4.0166
77.58,-4.0166
80.24,-4.0166
82.9,-4.0166
85.56,-4.0166
88.22,-4.0166
-88.67,-3.4302
-86.01,-3.4302
-83.35,-3.4302
-80.69,-3.4302
-78.03,-3.4302
-75.37,-3.4302
-72.71,-3.4302
-70.05,-3.4302
-67.39,-3.4302
-64.73,-3.4302
-62.07,-3.4302
-59.41,-3.4302
-56.75,-3.4302
-54.09,-3.4302
-51.43,-3.4302
-48.77,-3.4302
-46.11,-3.4302
-43.45,-3.4302
-40.79,-3.4302
-38.13,-3.4302
-35.47,-3.4302
-32.81,-3.4302
-30.15,-3.4302
-27.49,-3.4302
-24.83,-3.4302
-22.17,-3.4302
-19.51,-3.4302
-16.85,-3.4302
-14.19,-3.4302
-11.53,-3.4302
-8.87,-3.4302
-6.21,-3.4302
-3.55,-3.4302
-0.89,-3.4302
1.77,-3.4302
4.43,-3.4302
7.09,-3.4302
9.75,-3.4302
12.41,-3.4302
15.07,-3.4302
17.73,-3.4302
20.39,-3.4302
23.05,-3.4302
25.71,-3.4302
28.37,-3.4302
31.03,-3.4302
33.69,-3.4302
36.35,-3.4302
39.01,-3.4302
41.67,-3.4302
44.33,-3.4302
46.99,-3.4302
49.65,-3.4302
52.31,-3.4302
54.97,-3.4302
57.63,-3.4302
60.29,-3.4302
62.95,-3.4302
65.61,-3.4302
68.27,-3.4302
70.93,-3.4302
73.59,-3.4302
76.25,-3.4302
78.91,-3.4302
81.57,-3.4302
84.23,-3.4302
86.89,-3.4302
89.55,-3.4302
-90,-2.8723
-87.34,-2.8723
-84.68,-2.8723
-82.02,-2.8723
-79.36,-2.8723
-76.7,-2.8723
-74.04,-2.8723
-71.38,-2.8723
-68.72,-2.8723
-66.06,-2.8723
-63.4,-2.8723
-60.74,-2.8723
-58.08,-2.8723
-55.42,-2.8723
-52.76,-2.8723
-50.1,-2.8723
-47.44,-2.8723
-44.78,-2.8723
-42.12,-2.8723
-39.46,-2.8723
-36.8,-2.8723
-34.14,-2.8723
-31.48,-2.8723
-28.82,-2.8723
-26.16,-2.8723
-23.5,-2.8723
-20.84,-2.8723
-18.18,-2.8723
-15.52,-2.8723
-12.86,-2.8723
-10.2,-2.8723
-7.54,-2.8723
-4.88,-2.8723
-2.22,-2.8723
0.44,-2.8723
3.1,-2.8723
5.76,-2.8723
8.42,-2.8723
11.08,-2.8723
13.74,-2.8723
16.4,-2.8723
19.06,-2.8723
21.72,-2.8723
24.38,-2.8723
27.04,-2.8723
29.7,-2.8723
32.36,-2.8723
35.02,-2.8723
37.68,-2.8723
40.34,-2.8723
43,-2.8723
45.66,-2.8723
48.32,-2.8723
50.98,-2.8723
53.64,-2.8723
56.3,-2.8723
58.96,-2.8723
61.62,-2.8723
64.28,-2.8723
66.94,-2.8723
69.6,-2.8723
72.26,-2.8723
74.92,-2.8723
77.58,-2.8723
80.24,-2.8723
82.9,-2.8723
85.56,-2.8723
88.22,-2.8723
-88.67,-2.3416
-86.01,-2.3416
-83.35,-2.3416
-80.69,-2.3416
-78.03,-2.3416
-75.37,-2.3416
-72.71,-2.3416
-70.05,-2.3416
-67.39,-2.3416
-64.73,-2.3416
-62.07,-2.3416
-59.41,-2.3416
-56.75,-2.3416
-54.09,-2.3416
-51.43,-2.3416
-48.77,-2.3416
-46.11,-2.3416
-43.45,-2.3416
-40.79,-2.3416
-38.13,-2.3416
-35.47,-2.3416
-32.81,-2.3416
-30.15,-2.3416
-27.49,-2.3416
-24.83,-2.3416
-22.17,-2.3416
-19.51,-2.3416
-16.85,-2.3416
-14.19,-2.3416
-11.53,-2.3416
-8.87,-2.3416
-6.21,-2.3416
-3.55,-2.3416
-0.89,-2.3416
1.77,-2.3416
4.43,-2.3416
7.09,-2.3416
9.75,-2.3416
12.41,-2.3416
15.07,-2.3416
17.73,-2.3416
20.39,-2.3416
23.05,-2.3416
25.71,-2.3416
28.37,-2.3416
31.03,-2.3416
33.69,-2.3416
36.35,-2.3416
39.01,-2.3416
41.67,-2.3416
44.33,-2.3416
46.99,-2.3416
49.65,-2.3416
52.31,-2.3416
54.97,-2.3416
57.63,-2.3416
60.29,-2.3416
62.95,-2.3416
65.61,-2.3416
68.27,-2.3416
70.93,-2.3416
73.59,-2.3416
76.25,-2.3416
78.91,-2.3416
81.57,-2.3416
84.23,-2.3416
86.89,-2.3416
89.55,-2.3416
-90,-1.8368
-87.34,-1.8368
-84.68,-1.8368
-82.02,-1.8368
-79.36,-1.8368
-76.7,-1.8368
-74.04,-1.8368
-71.38,-1.8368
-68.72,-1.8368
-66.06,-1.8368
-63.4,-1.8368
-60.74,-1.8368
-58.08,-1.8368
-55.42,-1.8368
-52.76,-1.8368
-50.1,-1.8368
-47.44,-1.8368
-44.78,-1.8368
-42.12,-1.8368
-39.46,-1.8368
-36.8,-1.8368
-34.14,-1.8368
-31.48,-1.8368
-28.82,-1.8368
-26.16,-1.8368
-23.5,-1.8368
-20.84,-1.8368
-18.18,-1.8368
-15.52,-1.8368
-12.86,-1.8368
-10.2,-1.8368
-7.54,-1.8368
-4.88,-1.8368
-2.22,-1.8368
0.44,-1.8368
3.1,-1.8368
5.76,-1.8368
8.42,-1.8368
11.08,-1.8368
13.74,-1.8368
16.4,-1.8368
19.06,-1.8368
21.72,-1.8368
24.38,-1.8368
27.04,-1.8368
29.7,-1.8368
32.36,-1.8368
35.02,-1.8368
37.68,-1.8368
40.34,-1.8368
43,-1.8368
45.66,-1.8368
48.32,-1.8368
50.98,-1.8368
53.64,-1.8368
56.3,-1.8368
58.96,-1.8368
61.62,-1.8368
64.28,-1.8368
66.94,-1.8368
69.6,-1.8368
72.26,-1.8368
74.92,-1.8368
77.58,-1.8368
80.24,-1.8368
82.9,-1.8368
85.56,-1.8368
88.22,-1.8368
-88.67,-1.3565
-86.01,-1.3565
-83.35,-1.3565
-80.69,-1.3565
-78.03,-1.3565
-75.37,-1.3565
-72.71,-1.3565
-70.05,-1.3565
-67.39,-1.3565
-64.73,-1.3565
-62.07,-1.3565
-59.41,-1.3565
-56.75,-1.3565
-54.09,-1.3565
-51.43,-1.3565
-48.77,-1.3565
-46.11,-1.3565
-43.45,-1.3565
-40.79,-1.3565
-38.13,-1.3565
-35.47,-1.3565
-32.81,-1.3565
-30.15,-1.3565
-27.49,-1.3565
-24.83,-1.3565
-22.17,-1.3565
-19.51,-1.3565
-16.85,-1.3565
-14.19,-1.3565
-11.53,-1.3565
-8.87,-1.3565
-6.21,-1.3565
-3.55,-1.3565
-0.89,-1.3565
1.77,-1.3565
4.43,-1.3565
7.09,-1.3565
9.75,-1.3565
12.41,-1.3565
15.07,-1.3565
17.73,-1.3565
20.39,-1.3565
23.05,-1.3565
25.71,-1.3565
28.37,-1.3565
31.03,-1.3565
33.69,-1.3565
36.35,-1.3565
39.01,-1.3565
41.67,-1.3565
44.33,-1.3565
46.99,-1.3565
49.65,-1.3565
52.31,-1.3565
54.97,-1.3565
57.63,-1.3565
60.29,-1.3565
62.95,-1.3565
65.61,-1.3565
68.27,-1.3565
70.93,-1.3565
73.59,-1.3565
76.25,-1.3565
78.91,-1.3565
81.57,-1.3565
84.23,-1.3565
86.89,-1.3565
89.55,-1.3565
-90,-0.89968
-87.34,-0.89968
-84.68,-0.89968
-82.02,-0.89968
-79.36,-0.89968
-76.7,-0.89968
-74.04,-0.89968
-71.38,-0.89968
-68.72,-0.89968
-66.06,-0.89968
-63.4,-0.89968
-60.74,-0.89968
-58.08,-0.89968
-55.42,-0.89968
-52.76,-0.89968
-50.1,-0.89968
-47.44,-0.89968
-44.78,-0.89968
-42.12,-0.89968
-39.46,-0.89968
-36.8,-0.89968
-34.14,-0.89968
-31.48,-0.89968
-28.82,-0.89968
-26.16,-0.89968
-23.5,-0.89968
-20.84,-0.89968
-18.18,-0.89968
-15.52,-0.89968
-12.86,-0.89968
-10.2,-0.89968
-7.54,-0.89968
-4.88,-0.89968
-2.22,-0.89968
0.44,-0.89968
3.1,-0.89968
5.76,-0.89968
8.42,-0.89968
11.08,-0.89968
13.74,-0.89968
16.4,-0.89968
19.06,-0.89968
21.72,-0.89968
24.38,-0.89968
27.04,-0.89968
29.7,-0.89968
32.36,-0.89968
35.02,-0.89968
37.68,-0.89968
40.34,-0.89968
43,-0.89968
45.66,-0.89968
48.32,-0.89968
50.98,-0.89968
53.64,-0.89968
56.3,-0.89968
58.96,-0.89968
61.62,-0.89968
64.28,-0.89968
66.94,-0.89968
69.6,-0.89968
72.26,-0.89968
74.92,-0.89968
77.58,-0.89968
80.24,-0.89968
82.9,-0.89968
85.56,-0.89968
88.22,-0.89968
-88.67,-0.46506
-86.01,-0.46506
-83.35,-0.46506
-80.69,-0.46506
-78.03,-0.46506
-75.37,-0.46506
-72.71,-0.46506
-70.05,-0.46506
-67.39,-0.46506
-64.73,-0.46506
-62.07,-0.46506
-59.41,-0.46506
-56.75,-0.46506
-54.09,-0.46506
-51.43,-0.46506
-48.77,-0.46506
-46.11,-0.46506
-43.45,-0.46506
-40.79,-0.46506
-38.13,-0.46506
-35.47,-0.46506
-32.81,-0.46506
-30.15,-0.46506
-27.49,-0.46506
-24.83,-0.46506
-22.17,-0.46506
-19.51,-0.46506
-16.85,-0.46506
-14.19,-0.46506
-11.53,-0.46506
-8.87,-0.46506
-6.21,-0.46506
-3.55,-0.46506
-0.89,-0.46506
1.77,-0.46506
4.43,-0.46506
7.09,-0.46506
9.75,-0.46506
12.41,-0.46506
15.07,-0.46506
17.73,-0.46506
20.39,-0.46506
23.05,-0.46506
25.71,-0.46506
28.37,-0.46506
31.03,-0.46506
33.69,-0.46506
36.35,-0.46506
39.01,-0.46506
41.67,-0.46506
44.33,-0.46506
46.99,-0.46506
49.65,-0.46506
52.31,-0.46506
54.97,-0.46506
57.63,-0.46506
60.29,-0.46506
62.95,-0.46506
65.61,-0.46506
68.27,-0.46506
70.93,-0.46506
73.59,-0.46506
76.25,-0.46506
78.91,-0.46506
81.57,-0.46506
84.23,-0.46506
86.89,-0.46506
89.55,-0.46506
-90,-0.051616
-87.34,-0.051616
-84.68,-0.051616
-82.02,-0.051616
-79.36,-0.051616
-76.7,-0.051616
-74.04,-0.051616
-71.38,-0.051616
-68.72,-0.051616
-66.06,-0.051616
-63.4,-0.051616
-60.74,-0.051616
-58.08,-0.051616
-55.42,-0.051616
-52.76,-0.051616
-50.1,-0.051616
-47.44,-0.051616
-44.78,-0.051616
-42.12,-0.051616
-39.46,-0.051616
-36.8,-0.051616
-34.14,-0.051616
-31.48,-0.051616
-28.82,-0.051616
-26.16,-0.051616
-23.5,-0.051616
-20.84,-0.051616
-18.18,-0.051616
-15.52,-0.051616
-12.86,-0.051616
-10.2,-0.051616
-7.54,-0.051616
-4.88,-0.051616
-2.22,-0.051616
0.44,-0.051616
3.1,-0.051616
5.76,-0.051616
8.42,-0.051616
11.08,-0.051616
13.74,-0.051616
16.4,-0.051616
19.06,-0.051616
21.72,-0.051616
24.38,-0.051616
27.04,-0.051616
29.7,-0.051616
32.36,-0.051616
35.02,-0.051616
37.68,-0.051616
40.34,-0.051616
43,-0.051616
45.66,-0.051616
48.32,-0.051616
50.98,-0.051616
53.64,-0.051616
56.3,-0.051616
58.96,-0.051616
61.62,-0.051616
64.28,-0.051616
66.94,-0.051616
69.6,-0.051616
72.26,-0.051616
74.92,-0.051616
77.58,-0.051616
80.24,-0.051616
82.9,-0.051616
85.56,-0.051616
88.22,-0.051616
-88.67,0.3417
-86.01,0.3417
-83.35,0.3417
-80.69,0.3417
-78.03,0.3417
-75.37,0.3417
-72.71,0.3417
-70.05,0.3417
-67.39,0.3417
-64.73,0.3417
-62.07,0.3417
-59.41,0.3417
-56.75,0.3417
-54.09,0.3417
-51.43,0.3417
-48.77,0.3417
-46.11,0.3417
-43.45,0.3417
-40.79,0.3417
-38.13,0.3417
-35.47,0.3417
-32.81,0.3417
-30.15,0.3417
-27.49,0.3417
-24.83,0.3417
-22.17,0.3417
-19.51,0.3417
-16.85,0.3417
-14.19,0.3417
-11.53,0.3417
-8.87,0.3417
-6.21,0.3417
-3.55,0.3417
-0.89,0.3417
1.77,0.3417
4.43,0.3417
7.09,0.3417
9.75,0.3417
12.41,0.3417
15.07,0.3417
17.73,0.3417
20.39,0.3417
23.05,0.3417
25.71,0.3417
28.37,0.3417
31.03,0.3417
33.69,0.3417
36.35,0.3417
39.01,0.3417
41.67,0.3417
44.33,0.3417
46.99,0.3417
49.65,0.3417
52.31,0.3417
54.97,0.3417
57.63,0.3417
60.29,0.3417
62.95,0.3417
65.61,0.3417
68.27,0.3417
70.93,0.3417
73.59,0.3417
76.25,0.3417
78.91,0.3417
81.57,0.3417
84.23,0.3417
86.89,0.3417
89.55,0.3417
-90,0.74914
-87.34,0.74914
-84.68,0.74914
-82.02,0.74914
-79.36,0.74914
-76.7,0.74914
-74.04,0.74914
-71.38,0.74914
-68.72,0.74914
-66.06,0.74914
-63.4,0.74914
-60.74,0.74914
-58.08,0.74914
-55.42,0.74914
-52.76,0.74914
-50.1,0.74914
-47.44,0.74914
-44.78,0.74914
-42.12,0.74914
-39.46,0.74914
-36.8,0.74914
-34.14,0.74914
-31.48,0.74914
-28.82,0.74914
-26.16,0.74914
-23.5,0.74914
-20.84,0.74914
-18.18,0.74914
-15.52,0.74914
-12.86,0.74914
-10.2,0.74914
-7.54,0.74914
-4.88,0.74914
-2.22,0.74914
0.44,0.74914
3.1,0.74914
5.76,0.74914
8.42,0.74914
11.08,0.74914
13.74,0.74914
16.4,0.74914
19.06,0.74914
21.72,0.74914
24.38,0.74914
27.04,0.74914
29.7,0.74914
32.36,0.74914
35.02,0.74914
37.68,0.74914
40.34,0.74914
43,0.74914
45.66,0.74914
48.32,0.74914
50.98,0.74914
53.64,0.74914
56.3,0.74914
58.96,0.74914
61.62,0.74914
64.28,0.74914
66.94,0.74914
69.6,0.74914
72.26,0.74914
74.92,0.74914
77.58,0.74914
80.24,0.74914
82.9,0.74914
85.56,0.74914
88.22,0.74914
-88.67,1.1764
-86.01,1.1764
-83.35,1.1764
-80.69,1.1764
-78.03,1.1764
-75.37,1.1764
-72.71,1.1764
-70.05,1.1764
-67.39,1.1764
-64.73,1.1764
-62.07,1.1764
-59.41,1.1764
-56.75,1.1764
-54.09,1.1764
-51.43,1.1764
-48.77,1.1764
-46.11,1.1764
-43.45,1.1764
-40.79,1.1764
-38.13,1.1764
-35.47,1.1764
-32.81,1.1764
-30.15,1.1764
-27.49,1.1764
-24.83,1.1764
-22.17,1.1764
-19.51,1.1764
-16.85,1.1764
-14.19,1.1764
-11.53,1.1764
-8.87,1.1764
-6.21,1.1764
-3.55,1.1764
-0.89,1.1764
1.77,1.1764
4.43,1.1764
7.09,1.1764
9.75,1.1764
12.41,1.1764
15.07,1.1764
17.73,1.1764
20.39,1.1764
23.05,1.1764
25.71,1.1764
28.37,1.1764
31.03,1.1764
33.69,1.1764
36.35,1.1764
39.01,1.1764
41.67,1.1764
44.33,1.1764
46.99,1.1764
49.65,1.1764
52.31,1.1764
54.97,1.1764
57.63,1.1764
60.29,1.1764
62.95,1.1764
65.61,1.1764
68.27,1.1764
70.93,1.1764
73.59,1.1764
76.25,1.1764
78.91,1.1764
81.57,1.1764
84.23,1.1764
86.89,1.1764
89.55,1.1764
-90,1.6245
-87.34,1.6245
-84.68,1.6245
-82.02,1.6245
-79.36,1.6245
-76.7,1.6245
-74.04,1.6245
-71.38,1.6245
-68.72,1.6245
-66.06,1.6245
-63.4,1.6245
-60.74,1.6245
-58.08,1.6245
-55.42,1.6245
-52.76,1.6245
-50.1,1.6245
-47.44,1.6245
-44.78,1.6245
-42.12,1.6245
-39.46,1.6245
-36.8,1.6245
-34.14,1.6245
-31.48,1.6245
-28.82,1.6245
-26.16,1.6245
-23.5,1.6245
-20.84,1.6245
-18.18,1.6245
-15.52,1.6245
-12.86,1.6245
-10.2,1.6245
-7.54,1.6245
-4.88,1.6245
-2.22,1.6245
0.44,1.6245
3.1,1.6245
5.76,1.6245
8.42,1.6245
11.08,1.6245
13.74,1.6245
16.4,1.6245
19.06,1.6245
21.72,1.6245
24.38,1.6245
27.04,1.6245
29.7,1.6245
32.36,1.6245
35.02,1.6245
37.68,1.6245
40.34,1.6245
43,1.6245
45.66,1.6245
48.32,1.6245
50.98,1.6245
53.64,1.6245
56.3,1.6245
58.96,1.6245
61.62,1.6245
64.28,1.6245
66.94,1.6245
69.6,1.6245
72.26,1.6245
74.92,1.6245
77.58,1.6245
80.24,1.6245
82.9,1.6245
85.56,1.6245
88.22,1.6245
-88.67,2.0944
-86.01,2.0944
-83.35,2.0944
-80.69,2.0944
-78.03,2.0944
-75.37,2.0944
-72.71,2.0944
-70.05,2.0944
-67.39,2.0944
-64.73,2.0944
-62.07,2.0944
-59.41,2.0944
-56.75,2.0944
-54.09,2.0944
-51.43,2.0944
-48.77,2.0944
-46.11,2.0944
-43.45,2.0944
-40.79,2.0944
-38.13,2.0944
-35.47,2.0944
-32.81,2.0944
-30.15,2.0944
-27.49,2.0944
-24.83,2.0944
-22.17,2.0944
-19.51,2.0944
-16.85,2.0944
-14.19,2.0944
-11.53,2.0944
-8.87,2.0944
-6.21,2.0944
-3.55,2.0944
-0.89,2.0944
1.77,2.0944
4.43,2.0944
7.09,2.0944
9.75,2.0944
12.41,2.0944
15.07,2.0944
17.73,2.0944
20.39,2.0944
23.05,2.0944
25.71,2.0944
28.37,2.0944
31.03,2.0944
33.69,2.0944
36.35,2.0944
39.01,2.0944
41.67,2.0944
44.33,2.0944
46.99,2.0944
49.65,2.0944
52.31,2.0944
54.97,2.0944
57.63,2.0944
60.29,2.0944
62.95,2.0944
65.61,2.0944
68.27,2.0944
70.93,2.0944
73.59,2.0944
76.25,2.0944
78.91,2.0944
81.57,2.0944
84.23,2.0944
86.89,2.0944
89.55,2.0944
-90,2.5872
-87.34,2.5872
-84.68,2.5872
-82.02,2.5872
-79.36,2.5872
-76.7,2.5872
-74.04,2.5872
-71.38,2.5872
-68.72,2.5872
-66.06,2.5872
-63.4,2.5872
-60.74,2.5872
-58.08,2.5872
-55.42,2.5872
-52.76,2.5872
-50.1,2.5872
-47.44,2.5872
-44.78,2.5872
-42.12,2.5872
-39.46,2.5872
-36.8,2.5872
-34.14,2.5872
-31.48,2.5872
-28.82,2.5872
-26.16,2.5872
-23.5,2.5872
-20.84,2.5872
-18.18,2.5872
-15.52,2.5872
-12.86,2.5872
-10.2,2.5872
-7.54,2.5872
-4.88,2.5872
-2.22,2.5872
0.44,2.5872
3.1,2.5872
5.76,2.5872
8.42,2.5872
11.08,2.5872
13.74,2.5872
16.4,2.5872
19.06,2.5872
21.72,2.5872
24.38,2.5872
27.04,2.5872
29.7,2.5872
32.36,2.5872
35.02,2.5872
37.68,2.5872
40.34,2.5872
43,2.5872
45.66,2.5872
48.32,2.5872
50.98,2.5872
53.64,2.5872
56.3,2.5872
58.96,2.5872
61.62,2.5872
64.28,2.5872
66.94,2.5872
69.6,2.5872
72.26,2.5872
74.92,2.5872
77.58,2.5872
80.24,2.5872
82.9,2.5872
85.56,2.5872
88.22,2.5872
-88.67,3.104
-86.01,3.104
-83.35,3.104
-80.69,3.104
-78.03,3.104
-75.37,3.104
-72.71,3.104
-70.05,3.104
-67.39,3.104
-64.73,3.104
-62.07,3.104
-59.41,3.104
-56.75,3.104
-54.09,3.104
-51.43,3.104
-48.77,3.104
-46.11,3.104
-43.45,3.104
-40.79,3.104
-38.13,3.104
-35.47,3.104
-32.81,3.104
-30.15,3.104
-27.49,3.104
-24.83,3.104
-22.17,3.104
-19.51,3.104
-16.85,3.104
-14.19,3.104
-11.53,3.104
-8.87,3.104
-6.21,3.104
-3.55,3.104
-0.89,3.104
1.77,3.104
4.43,3.104
7.09,3.104
9.75,3.104
12.41,3.104
15.07,3.104
17.73,3.104
20.39,3.104
23.05,3.104
25.71,3.104
28.37,3.104
31.03,3.104
33.69,3.104
36.35,3.104
39.01,3.104
41.67,3.104
44.33,3.104
46.99,3.104
49.65,3.104
52.31,3.104
54.97,3.104
57.63,3.104
60.29,3.104
62.95,3.104
65.61,3.104
68.27,3.104
70.93,3.104
73.59,3.104
76.25,3.104
78.91,3.104
81.57,3.104
84.23,3.104
86.89,3.104
89.55,3.104
-90,3.646
-87.34,3.646
-84.68,3.646
-82.02,3.646
-79.36,3.646
-76.7,3.646
-74.04,3.646
-71.38,3.646
-68.72,3.646
-66.06,3.646
-63.4,3.646
-60.74,3.646
-58.08,3.646
-55.42,3.646
-52.76,3.646
-50.1,3.646
-47.44,3.646
-44.78,3.646
-42.12,3.646
-39.46,3.646
-36.8,3.646
-34.14,3.646
-31.48,3.646
-28.82,3.646
-26.16,3.646
-23.5,3.646
-20.84,3.646
-18.18,3.646
-15.52,3.646
-12.86,3.646
-10.2,3.646
-7.54,3.646
-4.88,3.646
-2.22,3.646
0.44,3.646
3.1,3.646
5.76,3.646
8.42,3.646
11.08,3.646
13.74,3.646
16.4,3.646
19.06,3.646
21.72,3.646
24.38,3.646
27.04,3.646
29.7,3.646
32.36,3.646
35.02,3.646
37.68,3.646
40.34,3.646
43,3.646
45.66,3.646
48.32,3.646
50.98,3.646
53.64,3.646
56.3,3.646
58.96,3.646
61.62,3.646
64.28,3.646
66.94,3.646
69.6,3.646
72.26,3.646
74.92,3.646
77.58,3.646
80.24,3.646
82.9,3.646
85.56,3.646
88.22,3.646
-88.67,4.2143
-86.01,4.2143
-83.35,4.2143
-80.69,4.2143
-78.03,4.2143
-75.37,4.2143
-72.71,4.2143
-70.05,4.2143
-67.39,4.2143
-64.73,4.2143
-62.07,4.2143
-59.41,4.2143
-56.75,4.2143
-54.09,4.2143
-51.43,4.2143
-48.77,4.2143
-46.11,4.2143
-43.45,4.2143
-40.79,4.2143
-38.13,4.2143
-35.47,4.2143
-32.81,4.2143
-30.15,4.2143
-27.49,4.2143
-24.83,4.2143
-22.17,4.2143
-19.51,4.2143
-16.85,4.2143
-14.19,4.2143
-11.53,4.2143
-8.87,4.2143
-6.21,4.2143
-3.55,4.2143
-0.89,4.2143
1.77,4.2143
4.43,4.2143
7.09,4.2143
9.75,4.2143
12.41,4.2143
15.07,4.2143
17.73,4.2143
20.39,4.2143
23.05,4.2143
25.71,4.2143
28.37,4.2143
31.03,4.2143
33.69,4.2143
36.35,4.2143
39.01,4.2143
41.67,4.2143
44.33,4.2143
46.99,4.2143
49.65,4.2143
52.31,4.2143
54.97,4.2143
57.63,4.2143
60.29,4.2143
62.95,4.2143
65.61,4.2143
68.27,4.2143
70.93,4.2143
73.59,4.2143
76.25,4.2143
78.91,4.2143
81.57,4.2143
84.23,4.2143
86.89,4.2143
89.55,4.2143
-90,4.8104
-87.34,4.8104
-84.68,4.8104
-82.02,4.8104
-79.36,4.8104
-76.7,4.8104
-74.04,4.8104
-71.38,4.8104
-68.72,4.8104
-66.06,4.8104
-63.4,4.8104
-60.74,4.8104
-58.08,4.8104
-55.42,4.8104
-52.76,4.8104
-50.1,4.8104
-47.44,4.8104
-44.78,4.8104
-42.12,4.8104
-39.46,4.8104
-36.8,4.8104
-34.14,4.8104
-31.48,4.8104
-28.82,4.8104
-26.16,4.8104
-23.5,4.8104
-20.84,4.8104
-18.18,4.8104
-15.52,4.8104
-12.86,4.8104
-10.2,4.8104
-7.54,4.8104
-4.88,4.8104
-2.22,4.8104
0.44,4.8104
3.1,4.8104
5.76,4.8104
8.42,4.8104
11.08,4.8104
13.74,4.8104
16.4,4.8104
19.06,4.8104
21.72,4.8104
24.38,4.8104
27.04,4.8104
29.7,4.8104
32.36,4.8104
35.02,4.8104
37.68,4.8104
40.34,4.8104
43,4.8104
45.66,4.8104
48.32,4.8104
50.98,4.8104
53.64,4.8104
56.3,4.8104
58.96,4.8104
61.62,4.8104
64.28,4.8104
66.94,4.8104
69.6,4.8104
72.26,4.8104
74.92,4.8104
77.58,4.8104
80.24,4.8104
82.9,4.8104
85.56,4.8104
88.22,4.8104
-88.67,5.4355
-86.01,5.4355
-83.35,5.4355
-80.69,5.4355
-78.03,5.4355
-75.37,5.4355
-72.71,5.4355
-70.05,5.4355
-67.39,5.4355
-64.73,5.4355
-62.07,5.4355
-59.41,5.4355
-56.75,5.4355
-54.09,5.4355
-51.43,5.4355
-48.77,5.4355
-46.11,5.4355
-43.45,5.4355
-40.79,5.4355
-38.13,5.4355
-35.47,5.4355
-32.81,5.4355
-30.15,5.4355
-27.49,5.4355
-24.83,5.4355
-22.17,5.4355
-19.51,5.4355
-16.85,5.4355
-14.19,5.4355
-11.53,5.4355
-8.87,5.4355
-6.21,5.4355
-3.55,5.4355
-0.89,5.4355
1.77,5.4355
4.43,5.4355
7.09,5.4355
9.75,5.4355
12.41,5.4355
15.07,5.4355
17.73,5.4355
20.39,5.4355
23.05,5.4355
25.71,5.4355
28.37,5.4355
31.03,5.4355
33.69,5.4355
36.35,5.4355
39.01,5.4355
41.67,5.4355
44.33,5.4355
46.99,5.4355
49.65,5.4355
52.31,5.4355
54.97,5.4355
57.63,5.4355
60.29,5.4355
62.95,5.4355
65.61,5.4355
68.27,5.4355
70.93,5.4355
73.59,5.4355
76.25,5.4355
78.91,5.4355
81.57,5.4355
84.23,5.4355
86.89,5.4355
89.55,5.4355
-90,6.091
-87.34,6.091
-84.68,6.091
-82.02,6.091
-79.36,6.091
-76.7,6.091
-74.04,6.091
-71.38,6.091
-68.72,6.091
-66.06,6.091
-63.4,6.091
-60.74,6.091
-58.08,6.091
-55.42,6.091
-52.76,6.091
-50.1,6.091
-47.44,6.091
-44.78,6.091
-42.12,6.091
-39.46,6.091
-36.8,6.091
-34.14,6.091
-31.48,6.091
-28.82,6.091
-26.16,6.091
-23.5,6.091
-20.84,6.091
-18.18,6.091
-15.52,6.091
-12.86,6.091
-10.2,6.091
-7.54,6.091
-4.88,6.091
-2.22,6.091
0.44,6.091
3.1,6.091
5.76,6.091
8.42,6.091
11.08,6.091
13.74,6.091
16.4,6.091
19.06,6.091
21.72,6.091
24.38,6.091
27.04,6.091
29.7,6.091
32.36,6.091
35.02,6.091
37.68,6.091
40.34,6.091
43,6.091
45.66,6.091
48.32,6.091
50.98,6.091
53.64,6.091
56.3,6.091
58.96,6.091
61.62,6.091
64.28,6.091
66.94,6.091
69.6,6.091
72.26,6.091
74.92,6.091
77.58,6.091
80.24,6.091
82.9,6.091
85.56,6.091
88.22,6.091
-88.67,6.7784
-86.01,6.7784
-83.35,6.7784
-80.69,6.7784
-78.03,6.7784
-75.37,6.7784
-72.71,6.7784
-70.05,6.7784
-67.39,6.7784
-64.73,6.7784
-62.07,6.7784
-59.41,6.7784
-56.75,6.7784
-54.09,6.7784
-51.43,6.7784
-48.77,6.7784
-46.11,6.7784
-43.45,6.7784
-40.79,6.7784
-38.13,6.7784
-35.47,6.7784
-32.81,6.7784
-30.15,6.7784
-27.49,6.7784
-24.83,6.7784
-22.17,6.7784
-19.51,6.7784
-16.85,6.7784
-14.19,6.7784
-11.53,6.7784
-8.87,6.7784
-6.21,6.7784
-3.55,6.7784
-0.89,6.7784
1.77,6.7784
4.43,6.7784
7.09,6.7784
9.75,6.7784
12.41,6.7784
15.07,6.7784
17.73,6.7784
20.39,6.7784
23.05,6.7784
25.71,6.7784
28.37,6.7784
31.03,6.7784
33.69,6.7784
36.35,6.7784
39.01,6.7784
41.67,6.7784
44.33,6.7784
46.99,6.7784
49.65,6.7784
52.31,6.7784
54.97,6.7784
57.63,6.7784
60.29,6.7784
62.95,6.7784
65.61,6.7784
68.27,6.7784
70.93,6.7784
73.59,6.7784
76.25,6.7784
78.91,6.7784
81.57,6.7784
84.23,6.7784
86.89,6.7784
89.55,6.7784
-90,7.4993
-87.34,7.4993
-84.68,7.4993
-82.02,7.4993
-79.36,7.4993
-76.7,7.4993
-74.04,7.4993
-71.38,7.4993
-68.72,7.4993
-66.06,7.4993
-63.4,7.4993
-60.74,7.4993
-58.08,7.4993
-55.42,7.4993
-52.76,7.4993
-50.1,7.4993
-47.44,7.4993
-44.78,7.4993
-42.12,7.4993
-39.46,7.4993
-36.8,7.4993
-34.14,7.4993
-31.48,7.4993
-28.82,7.4993
-26.16,7.4993
-23.5,7.4993
-20.84,7.4993
-18.18,7.4993
-15.52,7.4993
-12.86,7.4993
-10.2,7.4993
-7.54,7.4993
-4.88,7.4993
-2.22,7.4993
0.44,7.4993
3.1,7.4993
5.76,7.4993
8.42,7.4993
11.08,7.4993
13.74,7.4993
16.4,7.4993
19.06,7.4993
21.72,7.4993
24.38,7.4993
27.04,7.4993
29.7,7.4993
32.36,7.4993
35.02,7.4993
37.68,7.4993
40.34,7.4993
43,7.4993
45.66,7.4993
48.32,7.4993
50.98,7.4993
53.64,7.4993
56.3,7.4993
58.96,7.4993
61.62,7.4993
64.28,7.4993
66.94,7.4993
69.6,7.4993
72.26,7.4993
74.92,7.4993
77.58,7.4993
80.24,7.4993
82.9,7.4993
85.56,7.4993
88.22,7.4993
-88.67,8.2553
-86.01,8.2553
-83.35,8.2553
-80.69,8.2553
-78.03,8.2553
-75.37,8.2553
-72.71,8.2553
-70.05,8.2553
-67.39,8.2553
-64.73,8.2553
-62.07,8.2553
-59.41,8.2553
-56.75,8.2553
-54.09,8.2553
-51.43,8.2553
-48.77,8.2553
-46.11,8.2553
-43.45,8.2553
-40.79,8.2553
-38.13,8.2553
-35.47,8.2553
-32.81,8.2553
-30.15,8.2553
-27.49,8.2553
-24.83,8.2553
-22.17,8.2553
-19.51,8.2553
-16.85,8.2553
-14.19,8.2553
-11.53,8.2553
-8.87,8.2553
-6.21,8.2553
-3.55,8.2553
-0.89,8.2553
1.77,8.2553
4.43,8.2553
7.09,8.2553
9.75,8.2553
12.41,8.2553
15.07,8.2553
17.73,8.2553
20.39,8.2553
23.05,8.2553
25.71,8.2553
28.37,8.2553
31.03,8.2553
33.69,8.2553
36.35,8.2553
39.01,8.2553
41.67,8.2553
44.33,8.2553
46.99,8.2553
49.65,8.2553
52.31,8.2553
54.97,8.2553
57.63,8.2553
60.29,8.2553
62.95,8.2553
65.61,8.2553
68.27,8.2553
70.93,8.2553
73.59,8.2553
76.25,8.2553
78.91,8.2553
81.57,8.2553
84.23,8.2553
86.89,8.2553
89.55,8.2553
-90,9.0481
-87.34,9.0481
-84.68,9.0481
-82.02,9.0481
-79.36,9.0481
-76.7,9.0481
-74.04,9.0481
-71.38,9.0481
-68.72,9.0481
-66.06,9.0481
-63.4,9.0481
-60.74,9.0481
-58.08,9.0481
-55.42,9.0481
-52.76,9.0481
-50.1,9.0481
-47.44,9.0481
-44.78,9.0481
-42.12,9.0481
-39.46,9.0481
-36.8,9.0481
-34.14,9.0481
-31.48,9.0481
-28.82,9.0481
-26.16,9.0481
-23.5,9.0481
-20.84,9.0481
-18.18,9.0481
-15.52,9.0481
-12.86,9.0481
-10.2,9.0481
-7.54,9.0481
-4.88,9.0481
-2.22,9.0481
0.44,9.0481
3.1,9.0481
5.76,9.0481
8.42,9.0481
11.08,9.0481
13.74,9.0481
16.4,9.0481
19.06,9.0481
21.72,9.0481
24.38,9.0481
27.04,9.0481
29.7,9.0481
32.36,9.0481
35.02,9.0481
37.68,9.0481
40.34,9.0481
43,9.0481
45.66,9.0481
48.32,9.0481
50.98,9.0481
53.64,9.0481
56.3,9.0481
58.96,9.0481
61.62,9.0481
64.28,9.0481
66.94,9.0481
69.6,9.0481
72.26,9.0481
74.92,9.0481
77.58,9.0481
80.24,9.0481
82.9,9.0481
85.56,9.0481
88.22,9.0481
-88.67,9.8796
-86.01,9.8796
-83.35,9.8796
-80.69,9.8796
-78.03,9.8796
-75.37,9.8796
-72.71,9.8796
-70.05,9.8796
-67.39,9.8796
-64.73,9.8796
-62.07,9.8796
-59.41,9.8796
-56.75,9.8796
-54.09,9.8796
-51.43,9.8796
-48.77,9.8796
-46.11,9.8796
-43.45,9.8796
-40.79,9.8796
-38.13,9.8796
-35.47,9.8796
-32.81,9.8796
-30.15,9.8796
-27.49,9.8796
-24.83,9.8796
-22.17,9.8796
-19.51,9.8796
-16.85,9.8796
-14.19,9.8796
-11.53,9.8796
-8.87,9.8796
-6.21,9.8796
-3.55,9.8796
-0.89,9.8796
1.77,9.8796
4.43,9.8796
7.09,9.8796
9.75,9.8796
12.41,9.8796
15.07,9.8796
17.73,9.8796
20.39,9.8796
23.05,9.8796
25.71,9.8796
28.37,9.8796
31.03,9.8796
33.69,9.8796
36.35,9.8796
39.01,9.8796
41.67,9.8796
44.33,9.8796
46.99,9.8796
49.65,9.8796
52.31,9.8796
54.97,9.8796
57.63,9.8796
60.29,9.8796
62.95,9.8796
65.61,9.8796
68.27,9.8796
70.93,9.8796
73.59,9.8796
76.25,9.8796
78.91,9.8796
81.57,9.8796
84.23,9.8796
86.89,9.8796
89.55,9.8796
-90,10.7515
-87.34,10.7515
-84.68,10.7515
-82.02,10.7515
-79.36,10.7515
-76.7,10.7515
-74.04,10.7515
-71.38,10.7515
-68.72,10.7515
-66.06,10.7515
-63.4,10.7515
-60.74,10.7515
-58.08,10.7515
-55.42,10.7515
-52.76,10.7515
-50.1,10.7515
-47.44,10.7515
-44.78,10.7515
-42.12,10.7515
-39.46,10.7515
-36.8,10.7515
-34.14,10.7515
-31.48,10.7515
-28.82,10.7515
-26.16,10.7515
-23.5,10.7515
-20.84,10.7515
-18.18,10.7515
-15.52,10.7515
-12.86,10.7515
-10.2,10.7515
-7.54,10.7515
-4.88,10.7515
-2.22,10.7515
0.44,10.7515
3.1,10.7515
5.76,10.7515
8.42,10.7515
11.08,10.7515
13.74,10.7515
16.4,10.7515
19.06,10.7515
21.72,10.7515
24.38,10.7515
27.04,10.7515
29.7,10.7515
32.36,10.7515
35.02,10.7515
37.68,10.7515
40.34,10.7515
43,10.7515
45.66,10.7515
48.32,10.7515
50.98,10.7515
53.64,10.7515
56.3,10.7515
58.96,10.7515
61.62,10.7515
64.28,10.7515
66.94,10.7515
69.6,10.7515
72.26,10.7515
74.92,10.7515
77.58,10.7515
80.24,10.7515
82.9,10.7515
85.56,10.7515
88.22,10.7515
-88.67,11.6659
-86.01,11.6659
-83.35,11.6659
-80.69,11.6659
-78.03,11.6659
-75.37,11.6659
-72.71,11.6659
-70.05,11.6659
-67.39,11.6659
-64.73,11.6659
-62.07,11.6659
-59.41,11.6659
-56.75,11.6659
-54.09,11.6659
-51.43,11.6659
-48.77,11.6659
-46.11,11.6659
-43.45,11.6659
-40.79,11.6659
-38.13,11.6659
-35.47,11.6659
-32.81,11.6659
-30.15,11.6659
-27.49,11.6659
-24.83,11.6659
-22.17,11.6659
-19.51,11.6659
-16.85,11.6659
-14.19,11.6659
-11.53,11.6659
-8.87,11.6659
-6.21,11.6659
-3.55,11.6659
-0.89,11.6659
1.77,11.6659
4.43,11.6659
7.09,11.6659
9.75,11.6659
12.41,11.6659
15.07,11.6659
17.73,11.6659
20.39,11.6659
23.05,11.6659
25.71,11.6659
28.37,11.6659
31.03,11.6659
33.69,11.6659
36.35,11.6659
39.01,11.6659
41.67,11.6659
44.33,11.6659
46.99,11.6659
49.65,11.6659
52.31,11.6659
54.97,11.6659
57.63,11.6659
60.29,11.6659
62.95,11.6659
65.61,11.6659
68.27,11.6659
70.93,11.6659
73.59,11.6659
76.25,11.6659
78.91,11.6659
81.57,11.6659
84.23,11.6659
86.89,11.6659
89.55,11.6659
-90,12.6249
-87.34,12.6249
-84.68,12.6249
-82.02,12.6249
-79.36,12.6249
-76.7,12.6249
-74.04,12.6249
-71.38,12.6249
-68.72,12.6249
-66.06,12.6249
-63.4,12.6249
-60.74,12.6249
-58.08,12.6249
-55.42,12.6249
-52.76,12.6249
-50.1,12.6249
-47.44,12.6249
-44.78,12.6249
-42.12,12.6249
-39.46,12.6249
-36.8,12.6249
-34.14,12.6249
-31.48,12.6249
-28.82,12.6249
-26.16,12.6249
-23.5,12.6249
-20.84,12.6249
-18.18,12.6249
-15.52,12.6249
-12.86,12.6249
-10.2,12.6249
-7.54,12.6249
-4.88,12.6249
-2.22,12.6249
0.44,12.6249
3.1,12.6249
5.76,12.6249
8.42,12.6249
11.08,12.6249
13.74,12.6249
16.4,12.6249
19.06,12.6249
21.72,12.6249
24.38,12.6249
27.04,12.6249
29.7,12.6249
32.36,12.6249
35.02,12.6249
37.68,12.6249
40.34,12.6249
43,12.6249
45.66,12.6249
48.32,12.6249
50.98,12.6249
53.64,12.6249
56.3,12.6249
58.96,12.6249
61.62,12.6249
64.28,12.6249
66.94,12.6249
69.6,12.6249
72.26,12.6249
74.92,12.6249
77.58,12.6249
80.24,12.6249
82.9,12.6249
85.56,12.6249
88.22,12.6249
-88.67,13.6305
-86.01,13.6305
-83.35,13.6305
-80.69,13.6305
-78.03,13.6305
-75.37,13.6305
-72.71,13.6305
-70.05,13.6305
-67.39,13.6305
-64.73,13.6305
-62.07,13.6305
-59.41,13.6305
-56.75,13.6305
-54.09,13.6305
-51.43,13.6305
-48.77,13.6305
-46.11,13.6305
-43.45,13.6305
-40.79,13.6305
-38.13,13.6305
-35.47,13.6305
-32.81,13.6305
-30.15,13.6305
-27.49,13.6305
-24.83,13.6305
-22.17,13.6305
-19.51,13.6305
-16.85,13.6305
-14.19,13.6305
-11.53,13.6305
-8.87,13.6305
-6.21,13.6305
-3.55,13.6305
-0.89,13.6305
1.77,13.6305
4.43,13.6305
7.09,13.6305
9.75,13.6305
12.41,13.6305
15.07,13.6305
17.73,13.6305
20.39,13.6305
23.05,13.6305
25.71,13.6305
28.37,13.6305
31.03,13.6305
33.69,13.6305
36.35,13.6305
39.01,13.6305
41.67,13.6305
44.33,13.6305
46.99,13.6305
49.65,13.6305
52.31,13.6305
54.97,13.6305
57.63,13.6305
60.29,13.6305
62.95,13.6305
65.61,13.6305
68.27,13.6305
70.93,13.6305
73.59,13.6305
76.25,13.6305
78.91,13.6305
81.57,13.6305
84.23,13.6305
86.89,13.6305
89.55,13.6305
-90,14.6851
-87.34,14.6851
-84.68,14.6851
-82.02,14.6851
-79.36,14.6851
-76.7,14.6851
-74.04,14.6851
-71.38,14.6851
-68.72,14.6851
-66.06,14.6851
-63.4,14.6851
-60.74,14.6851
-58.08,14.6851
-55.42,14.6851
-52.76,14.6851
-50.1,14.6851
-47.44,14.6851
-44.78,14.6851
-42.12,14.6851
-39.46,14.6851
-36.8,14.6851
-34.14,14.6851
-31.48,14.6851
-28.82,14.6851
-26.16,14.6851
-23.5,14.6851
-20.84,14.6851
-18.18,14.6851
-15.52,14.6851
-12.86,14.6851
-10.2,14.6851
-7.54,14.6851
-4.88,14.6851
-2.22,14.6851
0.44,14.6851
3.1,14.6851
5.76,14.6851
8.42,14.6851
11.08,14.6851
13.74,14.6851
16.4,14.6851
19.06,14.6851
21.72,14.6851
24.38,14.6851
27.04,14.6851
29.7,14.6851
32.36,14.6851
35.02,14.6851
37.68,14.6851
40.34,14.6851
43,14.6851
45.66,14.6851
48.32,14.6851
50.98,14.6851
53.64,14.6851
56.3,14.6851
58.96,14.6851
61.62,14.6851
64.28,14.6851
66.94,14.6851
69.6,14.6851
72.26,14.6851
74.92,14.6851
77.58,14.6851
80.24,14.6851
82.9,14.6851
85.56,14.6851
88.22,14.6851
-88.67,15.7911
-86.01,15.7911
-83.35,15.7911
-80.69,15.7911
-78.03,15.7911
-75.37,15.7911
-72.71,15.7911
-70.05,15.7911
-67.39,15.7911
-64.73,15.7911
-62.07,15.7911
-59.41,15.7911
-56.75,15.7911
-54.09,15.7911
-51.43,15.7911
-48.77,15.7911
-46.11,15.7911
-43.45,15.7911
-40.79,15.7911
-38.13,15.7911
-35.47,15.7911
-32.81,15.7911
-30.15,15.7911
-27.49,15.7911
-24.83,15.7911
-22.17,15.7911
-19.51,15.7911
-16.85,15.7911
-14.19,15.7911
-11.53,15.7911
-8.87,15.7911
-6.21,15.7911
-3.55,15.7911
-0.89,15.7911
1.77,15.7911
4.43,15.7911
7.09,15.7911
9.75,15.7911
12.41,15.7911
15.07,15.7911
17.73,15.7911
20.39,15.7911
23.05,15.7911
25.71,15.7911
28.37,15.7911
31.03,15.7911
33.69,15.7911
36.35,15.7911
39.01,15.7911
41.67,15.7911
44.33,15.7911
46.99,15.7911
49.65,15.7911
52.31,15.7911
54.97,15.7911
57.63,15.7911
60.29,15.7911
62.95,15.7911
65.61,15.7911
68.27,15.7911
70.93,15.7911
73.59,15.7911
76.25,15.7911
78.91,15.7911
81.57,15.7911
84.23,15.7911
86.89,15.7911
89.55,15.7911
-90,16.9509
-87.34,16.9509
-84.68,16.9509
-82.02,16.9509
-79.36,16.9509
-76.7,16.9509
-74.04,16.9509
-71.38,16.9509
-68.72,16.9509
-66.06,16.9509
-63.4,16.9509
-60.74,16.9509
-58.08,16.9509
-55.42,16.9509
-52.76,16.9509
-50.1,16.9509
-47.44,16.9509
-44.78,16.9509
-42.12,16.9509
-39.46,16.9509
-36.8,16.9509
-34.14,16.9509
-31.48,16.9509
-28.82,16.9509
-26.16,16.9509
-23.5,16.9509
-20.84,16.9509
-18.18,16.9509
-15.52,16.9509
-12.86,16.9509
-10.2,16.9509
-7.54,16.9509
-4.88,16.9509
-2.22,16.9509
0.44,16.9509
3.1,16.9509
5.76,16.9509
8.42,16.9509
11.08,16.9509
13.74,16.9509
16.4,16.9509
19.06,16.9509
21.72,16.9509
24.38,16.9509
27.04,16.9509
29.7,16.9509
32.36,16.9509
35.02,16.9509
37.68,16.9509
40.34,16.9509
43,16.9509
45.66,16.9509
48.32,16.9509
50.98,16.9509
53.64,16.9509
56.3,16.9509
58.96,16.9509
61.62,16.9509
64.28,16.9509
66.94,16.9509
69.6,16.9509
72.26,16.9509
74.92,16.9509
77.58,16.9509
80.24,16.9509
82.9,16.9509
85.56,16.9509
88.22,16.9509
-88.67,18.1672
-86.01,18.1672
-83.35,18.1672
-80.69,18.1672
-78.03,18.1672
-75.37,18.1672
-72.71,18.1672
-70.05,18.1672
-67.39,18.1672
-64.73,18.1672
-62.07,18.1672
-59.41,18.1672
-56.75,18.1672
-54.09,18.1672
-51.43,18.1672
-48.77,18.1672
-46.11,18.1672
-43.45,18.1672
-40.79,18.1672
-38.13,18.1672
-35.47,18.1672
-32.81,18.1672
-30.15,18.1672
-27.49,18.1672
-24.83,18.1672
-22.17,18.1672
-19.51,18.1672
-16.85,18.1672
-14.19,18.1672
-11.53,18.1672
-8.87,18.1672
-6.21,18.1672
-3.55,18.1672
-0.89,18.1672
1.77,18.1672
4.43,18.1672
7.09,18.1672
9.75,18.1672
12.41,18.1672
15.07,18.1672
17.73,18.1672
20.39,18.1672
23.05,18.1672
25.71,18.1672
28.37,18.1672
31.03,18.1672
33.69,18.1672
36.35,18.1672
39.01,18.1672
41.67,18.1672
44.33,18.1672
46.99,18.1672
49.65,18.1672
52.31,18.1672
54.97,18.1672
57.63,18.1672
60.29,18.1672
62.95,18.1672
65.61,18.1672
68.27,18.1672
70.93,18.1672
73.59,18.1672
76.25,18.1672
78.91,18.1672
81.57,18.1672
84.23,18.1672
86.89,18.1672
89.55,18.1672
-90,19.4427
-87.34,19.4427
-84.68,19.4427
-82.02,19.4427
-79.36,19.4427
-76.7,19.4427
-74.04,19.4427
-71.38,19.4427
-68.72,19.4427
-66.06,19.4427
-63.4,19.4427
-60.74,19.4427
-58.08,19.4427
-55.42,19.4427
-52.76,19.4427
-50.1,19.4427
-47.44,19.4427
-44.78,19.4427
-42.12,19.4427
-39.46,19.4427
-36.8,19.4427
-34.14,19.4427
-31.48,19.4427
-28.82,19.4427
-26.16,19.4427
-23.5,19.4427
-20.84,19.4427
-18.18,19.4427
-15.52,19.4427
-12.86,19.4427
-10.2,19.4427
-7.54,19.4427
-4.88,19.4427
-2.22,19.4427
0.44,19.4427
3.1,19.4427
5.76,19.4427
8.42,19.4427
11.08,19.4427
13.74,19.4427
16.4,19.4427
19.06,19.4427
21.72,19.4427
24.38,19.4427
27.04,19.4427
29.7,19.4427
32.36,19.4427
35.02,19.4427
37.68,19.4427
40.34,19.4427
43,19.4427
45.66,19.4427
48.32,19.4427
50.98,19.4427
53.64,19.4427
56.3,19.4427
58.96,19.4427
61.62,19.4427
64.28,19.4427
66.94,19.4427
69.6,19.4427
72.26,19.4427
74.92,19.4427
77.58,19.4427
80.24,19.4427
82.9,19.4427
85.56,19.4427
88.22,19.4427
-88.67,20.7804
-86.01,20.7804
-83.35,20.7804
-80.69,20.7804
-78.03,20.7804
-75.37,20.7804
-72.71,20.7804
-70.05,20.7804
-67.39,20.7804
-64.73,20.7804
-62.07,20.7804
-59.41,20.7804
-56.75,20.7804
-54.09,20.7804
-51.43,20.7804
-48.77,20.7804
-46.11,20.7804
-43.45,20.7804
-40.79,20.7804
-38.13,20.7804
-35.47,20.7804
-32.81,20.7804
-30.15,20.7804
-27.49,20.7804
-24.83,20.7804
-22.17,20.7804
-19.51,20.7804
-16.85,20.7804
-14.19,20.7804
-11.53,20.7804
-8.87,20.7804
-6.21,20.7804
-3.55,20.7804
-0.89,20.7804
1.77,20.7804
4.43,20.7804
7.09,20.7804
9.75,20.7804
12.41,20.7804
15.07,20.7804
17.73,20.7804
20.39,20.7804
23.05,20.7804
25.71,20.7804
28.37,20.7804
31.03,20.7804
33.69,20.7804
36.35,20.7804
39.01,20.7804
41.67,20.7804
44.33,20.7804
46.99,20.7804
49.65,20.7804
52.31,20.7804
54.97,20.7804
57.63,20.7804
60.29,20.7804
62.95,20.7804
65.61,20.7804
68.27,20.7804
70.93,20.7804
73.59,20.7804
76.25,20.7804
78.91,20.7804
81.57,20.7804
84.23,20.7804
86.89,20.7804
89.55,20.7804
-90,22.1832
-87.34,22.1832
-84.68,22.1832
-82.02,22.1832
-79.36,22.1832
-76.7,22.1832
-74.04,22.1832
-71.38,22.1832
-68.72,22.1832
-66.06,22.1832
-63.4,22.1832
-60.74,22.1832
-58.08,22.1832
-55.42,22.1832
-52.76,22.1832
-50.1,22.1832
-47.44,22.1832
-44.78,22.1832
-42.12,22.1832
-39.46,22.1832
-36.8,22.1832
-34.14,22.1832
-31.48,22.1832
-28.82,22.1832
-26.16,22.1832
-23.5,22.1832
-20.84,22.1832
-18.18,22.1832
-15.52,22.1832
-12.86,22.1832
-10.2,22.1832
-7.54,22.1832
-4.88,22.1832
-2.22,22.1832
0.44,22.1832
3.1,22.1832
5.76,22.1832
8.42,22.1832
11.08,22.1832
13.74,22.1832
16.4,22.1832
19.06,22.1832
21.72,22.1832
24.38,22.1832
27.04,22.1832
29.7,22.1832
32.36,22.1832
35.02,22.1832
37.68,22.1832
40.34,22.1832
43,22.1832
45.66,22.1832
48.32,22.1832
50.98,22.1832
53.64,22.1832
56.3,22.1832
58.96,22.1832
61.62,22.1832
64.28,22.1832
66.94,22.1832
69.6,22.1832
72.26,22.1832
74.92,22.1832
77.58,22.1832
80.24,22.1832
82.9,22.1832
85.56,22.1832
88.22,22.1832
-88.67,23.6543
-86.01,23.6543
-83.35,23.6543
-80.69,23.6543
-78.03,23.6543
-75.37,23.6543
-72.71,23.6543
-70.05,23.6543
-67.39,23.6543
-64.73,23.6543
-62.07,23.6543
-59.41,23.6543
-56.75,23.6543
-54.09,23.6543
-51.43,23.6543
-48.77,23.6543
-46.11,23.6543
-43.45,23.6543
-40.79,23.6543
-38.13,23.6543
-35.47,23.6543
-32.81,23.6543
-30.15,23.6543
-27.49,23.6543
-24.83,23.6543
-22.17,23.6543
-19.51,23.6543
-16.85,23.6543
-14.19,23.6543
-11.53,23.6543
-8.87,23.6543
-6.21,23.6543
-3.55,23.6543
-0.89,23.6543
1.77,23.6543
4.43,23.6543
7.09,23.6543
9.75,23.6543
12.41,23.6543
15.07,23.6543
17.73,23.6543
20.39,23.6543
23.05,23.6543
25.71,23.6543
28.37,23.6543
31.03,23.6543
33.69,23.6543
36.35,23.6543
39.01,23.6543
41.67,23.6543
44.33,23.6543
46.99,23.6543
49.65,23.6543
52.31,23.6543
54.97,23.6543
57.63,23.6543
60.29,23.6543
62.95,23.6543
65.61,23.6543
68.27,23.6543
70.93,23.6543
73.59,23.6543
76.25,23.6543
78.91,23.6543
81.57,23.6543
84.23,23.6543
86.89,23.6543
89.55,23.6543
-90,25.1971
-87.34,25.1971
-84.68,25.1971
-82.02,25.1971
-79.36,25.1971
-76.7,25.1971
-74.04,25.1971
-71.38,25.1971
-68.72,25.1971
-66.06,25.1971
-63.4,25.1971
-60.74,25.1971
-58.08,25.1971
-55.42,25.1971
-52.76,25.1971
-50.1,25.1971
-47.44,25.1971
-44.78,25.1971
-42.12,25.1971
-39.46,25.1971
-36.8,25.1971
-34.14,25.1971
-31.48,25.1971
-28.82,25.1971
-26.16,25.1971
-23.5,25.1971
-20.84,25.1971
-18.18,25.1971
-15.52,25.1971
-12.86,25.1971
-10.2,25.1971
-7.54,25.1971
-4.88,25.1971
-2.22,25.1971
0.44,25.1971
3.1,25.1971
5.76,25.1971
8.42,25.1971
11.08,25.1971
13.74,25.1971
16.4,25.1971
19.06,25.1971
21.72,25.1971
24.38,25.1971
27.04,25.1971
29.7,25.1971
32.36,25.1971
35.02,25.1971
37.68,25.1971
40.34,25.1971
43,25.1971
45.66,25.1971
48.32,25.1971
50.98,25.1971
53.64,25.1971
56.3,25.1971
58.96,25.1971
61.62,25.1971
64.28,25.1971
66.94,25.1971
69.6,25.1971
72.26,25.1971
74.92,25.1971
77.58,25.1971
80.24,25.1971
82.9,25.1971
85.56,25.1971
88.22,25.1971
-88.67,26.815
-86.01,26.815
-83.35,26.815
-80.69,26.815
-78.03,26.815
-75.37,26.815
-72.71,26.815
-70.05,26.815
-67.39,26.815
-64.73,26.815
-62.07,26.815
-59.41,26.815
-56.75,26.815
-54.09,26.815
-51.43,26.815
-48.77,26.815
-46.11,26.815
-43.45,26.815
-40.79,26.815
-38.13,26.815
-35.47,26.815
-32.81,26.815
-30.15,26.815
-27.49,26.815
-24.83,26.815
-22.17,26.815
-19.51,26.815
-16.85,26.815
-14.19,26.815
-11.53,26.815
-8.87,26.815
-6.21,26.815
-3.55,26.815
-0.89,26.815
1.77,26.815
4.43,26.815
7.09,26.815
9.75,26.815
12.41,26.815
15.07,26.815
17.73,26.815
20.39,26.815
23.05,26.815
25.71,26.815
28.37,26.815
31.03,26.815
33.69,26.815
36.35,26.815
39.01,26.815
41.67,26.815
44.33,26.815
46.99,26.815
49.65,26.815
52.31,26.815
54.97,26.815
57.63,26.815
60.29,26.815
62.95,26.815
65.61,26.815
68.27,26.815
70.93,26.815
73.59,26.815
76.25,26.815
78.91,26.815
81.57,26.815
84.23,26.815
86.89,26.815
89.55,26.815
-90,28.5117
-87.34,28.5117
-84.68,28.5117
-82.02,28.5117
-79.36,28.5117
-76.7,28.5117
-74.04,28.5117
-71.38,28.5117
-68.72,28.5117
-66.06,28.5117
-63.4,28.5117
-60.74,28.5117
-58.08,28.5117
-55.42,28.5117
-52.76,28.5117
-50.1,28.5117
-47.44,28.5117
-44.78,28.5117
-42.12,28.5117
-39.46,28.5117
-36.8,28.5117
-34.14,28.5117
-31.48,28.5117
-28.82,28.5117
-26.16,28.5117
-23.5,28.5117
-20.84,28.5117
-18.18,28.5117
-15.52,28.5117
-12.86,28.5117
-10.2,28.5117
-7.54,28.5117
-4.88,28.5117
-2.22,28.5117
0.44,28.5117
3.1,28.5117
5.76,28.5117
8.42,28.5117
11.08,28.5117
13.74,28.5117
16.4,28.5117
19.06,28.5117
21.72,28.5117
24.38,28.5117
27.04,28.5117
29.7,28.5117
32.36,28.5117
35.02,28.5117
37.68,28.5117
40.34,28.5117
43,28.5117
45.66,28.5117
48.32,28.5117
50.98,28.5117
53.64,28.5117
56.3,28.5117
58.96,28.5117
61.62,28.5117
64.28,28.5117
66.94,28.5117
69.6,28.5117
72.26,28.5117
74.92,28.5117
77.58,28.5117
80.24,28.5117
82.9,28.5117
85.56,28.5117
88.22,28.5117
-88.67,30.291
-86.01,30.291
-83.35,30.291
-80.69,30.291
-78.03,30.291
-75.37,30.291
-72.71,30.291
-70.05,30.291
-67.39,30.291
-64.73,30.291
-62.07,30.291
-59.41,30.291
-56.75,30.291
-54.09,30.291
-51.43,30.291
-48.77,30.291
-46.11,30.291
-43.45,30.291
-40.79,30.291
-38.13,30.291
-35.47,30.291
-32.81,30.291
-30.15,30.291
-27.49,30.291
-24.83,30.291
-22.17,30.291
-19.51,30.291
-16.85,30.291
-14.19,30.291
-11.53,30.291
-8.87,30.291
-6.21,30.291
-3.55,30.291
-0.89,30.291
1.77,30.291
4.43,30.291
7.09,30.291
9.75,30.291
12.41,30.291
15.07,30.291
17.73,30.291
20.39,30.291
23.05,30.291
25.71,30.291
28.37,30.291
31.03,30.291
33.69,30.291
36.35,30.291
39.01,30.291
41.67,30.291
44.33,30.291
46.99,30.291
49.65,30.291
52.31,30.291
54.97,30.291
57.63,30.291
60.29,30.291
62.95,30.291
65.61,30.291
68.27,30.291
70.93,30.291
73.59,30.291
76.25,30.291
78.91,30.291
81.57,30.291
84.23,30.291
86.89,30.291
89.55,30.291
-90,32.157
-87.34,32.157
-84.68,32.157
-82.02,32.157
-79.36,32.157
-76.7,32.157
-74.04,32.157
-71.38,32.157
-68.72,32.157
-66.06,32.157
-63.4,32.157
-60.74,32.157
-58.08,32.157
-55.42,32.157
-52.76,32.157
-50.1,32.157
-47.44,32.157
-44.78,32.157
-42.12,32.157
-39.46,32.157
-36.8,32.157
-34.14,32.157
-31.48,32.157
-28.82,32.157
-26.16,32.157
-23.5,32.157
-20.84,32.157
-18.18,32.157
-15.52,32.157
-12.86,32.157
-10.2,32.157
-7.54,32.157
-4.88,32.157
-2.22,32.157
0.44,32.157
3.1,32.157
5.76,32.157
8.42,32.157
11.08,32.157
13.74,32.157
16.4,32.157
19.06,32.157
21.72,32.157
24.38,32.157
27.04,32.157
29.7,32.157
32.36,32.157
35.02,32.157
37.68,32.157
40.34,32.157
43,32.157
45.66,32.157
48.32,32.157
50.98,32.157
53.64,32.157
56.3,32.157
58.96,32.157
61.62,32.157
64.28,32.157
66.94,32.157
69.6,32.157
72.26,32.157
74.92,32.157
77.58,32.157
80.24,32.157
82.9,32.157
85.56,32.157
88.22,32.157
-88.67,34.1138
-86.01,34.1138
-83.35,34.1138
-80.69,34.1138
-78.03,34.1138
-75.37,34.1138
-72.71,34.1138
-70.05,34.1138
-67.39,34.1138
-64.73,34.1138
-62.07,34.1138
-59.41,34.1138
-56.75,34.1138
-54.09,34.1138
-51.43,34.1138
-48.77,34.1138
-46.11,34.1138
-43.45,34.1138
-40.79,34.1138
-38.13,34.1138
-35.47,34.1138
-32.81,34.1138
-30.15,34.1138
-27.49,34.1138
-24.83,34.1138
-22.17,34.1138
-19.51,34.1138
-16.85,34.1138
-14.19,34.1138
-11.53,34.1138
-8.87,34.1138
-6.21,34.1138
-3.55,34.1138
-0.89,34.1138
1.77,34.1138
4.43,34.1138
7.09,34.1138
9.75,34.1138
12.41,34.1138
15.07,34.1138
17.73,34.1138
20.39,34.1138
23.05,34.1138
25.71,34.1138
28.37,34.1138
31.03,34.1138
33.69,34.1138
36.35,34.1138
39.01,34.1138
41.67,34.1138
44.33,34.1138
46.99,34.1138
49.65,34.1138
52.31,34.1138
54.97,34.1138
57.63,34.1138
60.29,34.1138
62.95,34.1138
65.61,34.1138
68.27,34.1138
70.93,34.1138
73.59,34.1138
76.25,34.1138
78.91,34.1138
81.57,34.1138
84.23,34.1138
86.89,34.1138
89.55,34.1138
-90,36.166
-87.34,36.166
-84.68,36.166
-82.02,36.166
-79.36,36.166
-76.7,36.166
-74.04,36.166
-71.38,36.166
-68.72,36.166
-66.06,36.166
-63.4,36.166
-60.74,36.166
-58.08,36.166
-55.42,36.166
-52.76,36.166
-50.1,36.166
-47.44,36.166
-44.78,36.166
-42.12,36.166
-39.46,36.166
-36.8,36.166
-34.14,36.166
-31.48,36.166
-28.82,36.166
-26.16,36.166
-23.5,36.166
-20.84,36.166
-18.18,36.166
-15.52,36.166
-12.86,36.166
-10.2,36.166
-7.54,36.166
-4.88,36.166
-2.22,36.166
0.44,36.166
3.1,36.166
5.76,36.166
8.42,36.166
11.08,36.166
13.74,36.166
16.4,36.166
19.06,36.166
21.72,36.166
24.38,36.166
27.04,36.166
29.7,36.166
32.36,36.166
35.02,36.166
37.68,36.166
40.34,36.166
43,36.166
45.66,36.166
48.32,36.166
50.98,36.166
53.64,36.166
56.3,36.166
58.96,36.166
61.62,36.166
64.28,36.166
66.94,36.166
69.6,36.166
72.26,36.166
74.92,36.166
77.58,36.166
80.24,36.166
82.9,36.166
85.56,36.166
88.22,36.166
-88.67,38.318
-86.01,38.318
-83.35,38.318
-80.69,38.318
-78.03,38.318
-75.37,38.318
-72.71,38.318
-70.05,38.318
-67.39,38.318
-64.73,38.318
-62.07,38.318
-59.41,38.318
-56.75,38.318
-54.09,38.318
-51.43,38.318
-48.77,38.318
-46.11,38.318
-43.45,38.318
-40.79,38.318
-38.13,38.318
-35.47,38.318
-32.81,38.318
-30.15,38.318
-27.49,38.318
-24.83,38.318
-22.17,38.318
-19.51,38.318
-16.85,38.318
-14.19,38.318
-11.53,38.318
-8.87,38.318
-6.21,38.318
-3.55,38.318
-0.89,38.318
1.77,38.318
4.43,38.318
7.09,38.318
9.75,38.318
12.41,38.318
15.07,38.318
17.73,38.318
20.39,38.318
23.05,38.318
25.71,38.318
28.37,38.318
31.03,38.318
33.69,38.318
36.35,38.318
39.01,38.318
41.67,38.318
44.33,38.318
46.99,38.318
49.65,38.318
52.31,38.318
54.97,38.318
57.63,38.318
60.29,38.318
62.95,38.318
65.61,38.318
68.27,38.318
70.93,38.318
73.59,38.318
76.25,38.318
78.91,38.318
81.57,38.318
84.23,38.318
86.89,38.318
89.55,38.318
-90,40.5749
-87.34,40.5749
-84.68,40.5749
-82.02,40.5749
-79.36,40.5749
-76.7,40.5749
-74.04,40.5749
-71.38,40.5749
-68.72,40.5749
-66.06,40.5749
-63.4,40.5749
-60.74,40.5749
-58.08,40.5749
-55.42,40.5749
-52.76,40.5749
-50.1,40.5749
-47.44,40.5749
-44.78,40.5749
-42.12,40.5749
-39.46,40.5749
-36.8,40.5749
-34.14,40.5749
-31.48,40.5749
-28.82,40.5749
-26.16,40.5749
-23.5,40.5749
-20.84,40.5749
-18.18,40.5749
-15.52,40.5749
-12.86,40.5749
-10.2,40.5749
-7.54,40.5749
-4.88,40.5749
-2.22,40.5749
0.44,40.5749
3.1,40.5749
5.76,40.5749
8.42,40.5749
11.08,40.5749
13.74,40.5749
16.4,40.5749
19.06,40.5749
21.72,40.5749
24.38,40.5749
27.04,40.5749
29.7,40.5749
32.36,40.5749
35.02,40.5749
37.68,40.5749
40.34,40.5749
43,40.5749
45.66,40.5749
48.32,40.5749
50.98,40.5749
53.64,40.5749
56.3,40.5749
58.96,40.5749
61.62,40.5749
64.28,40.5749
66.94,40.5749
69.6,40.5749
72.26,40.5749
74.92,40.5749
77.58,40.5749
80.24,40.5749
82.9,40.5749
85.56,40.5749
88.22,40.5749
-88.67,42.9417
-86.01,42.9417
-83.35,42.9417
-80.69,42.9417
-78.03,42.9417
-75.37,42.9417
-72.71,42.9417
-70.05,42.9417
-67.39,42.9417
-64.73,42.9417
-62.07,42.9417
-59.41,42.9417
-56.75,42.9417
-54.09,42.9417
-51.43,42.9417
-48.77,42.9417
-46.11,42.9417
-43.45,42.9417
-40.79,42.9417
-38.13,42.9417
-35.47,42.9417
-32.81,42.9417
-30.15,42.9417
-27.49,42.9417
-24.83,42.9417
-22.17,42.9417
-19.51,42.9417
-16.85,42.9417
-14.19,42.9417
-11.53,42.9417
-8.87,42.9417
-6.21,42.9417
-3.55,42.9417
-0.89,42.9417
1.77,42.9417
4.43,42.9417
7.09,42.9417
9.75,42.9417
12.41,42.9417
15.07,42.9417
17.73,42.9417
20.39,42.9417
23.05,42.9417
25.71,42.9417
28.37,42.9417
31.03,42.9417
33.69,42.9417
36.35,42.9417
39.01,42.9417
41.67,42.9417
44.33,42.9417
46.99,42.9417
49.65,42.9417
52.31,42.9417
54.97,42.9417
57.63,42.9417
60.29,42.9417
62.95,42.9417
65.61,42.9417
68.27,42.9417
70.93,42.9417
73.59,42.9417
76.25,42.9417
78.91,42.9417
81.57,42.9417
84.23,42.9417
86.89,42.9417
89.55,42.9417
-90,45.4238
-87.34,45.4238
-84.68,45.4238
-82.02,45.4238
-79.36,45.4238
-76.7,45.4238
-74.04,45.4238
-71.38,45.4238
-68.72,45.4238
-66.06,45.4238
-63.4,45.4238
-60.74,45.4238
-58.08,45.4238
-55.42,45.4238
-52.76,45.4238
-50.1,45.4238
-47.44,45.4238
-44.78,45.4238
-42.12,45.4238
-39.46,45.4238
-36.8,45.4238
-34.14,45.4238
-31.48,45.4238
-28.82,45.4238
-26.16,45.4238
-23.5,45.4238
-20.84,45.4238
-18.18,45.4238
-15.52,45.4238
-12.86,45.4238
-10.2,45.4238
-7.54,45.4238
-4.88,45.4238
-2.22,45.4238
0.44,45.4238
3.1,45.4238
5.76,45.4238
8.42,45.4238
11.08,45.4238
13.74,45.4238
16.4,45.4238
19.06,45.4238
21.72,45.4238
24.38,45.4238
27.04,45.4238
29.7,45.4238
32.36,45.4238
35.02,45.4238
37.68,45.4238
40.34,45.4238
43,45.4238
45.66,45.4238
48.32,45.4238
50.98,45.4238
53.64,45.4238
56.3,45.4238
58.96,45.4238
61.62,45.4238
64.28,45.4238
66.94,45.4238
69.6,45.4238
72.26,45.4238
74.92,45.4238
77.58,45.4238
80.24,45.4238
82.9,45.4238
85.56,45.4238
88.22,45.4238
-88.67,48.0267
-86.01,48.0267
-83.35,48.0267
-80.69,48.0267
-78.03,48.0267
-75.37,48.0267
-72.71,48.0267
-70.05,48.0267
-67.39,48.0267
-64.73,48.0267
-62.07,48.0267
-59.41,48.0267
-56.75,48.0267
-54.09,48.0267
-51.43,48.0267
-48.77,48.0267
-46.11,48.0267
-43.45,48.0267
-40.79,48.0267
-38.13,48.0267
-35.47,48.0267
-32.81,48.0267
-30.15,48.0267
-27.49,48.0267
-24.83,48.0267
-22.17,48.0267
-19.51,48.0267
-16.85,48.0267
-14.19,48.0267
-11.53,48.0267
-8.87,48.0267
-6.21,48.0267
-3.55,48.0267
-0.89,48.0267
1.77,48.0267
4.43,48.0267
7.09,48.0267
9.75,48.0267
12.41,48.0267
15.07,48.0267
17.73,48.0267
20.39,48.0267
23.05,48.0267
25.71,48.0267
28.37,48.0267
31.03,48.0267
33.69,48.0267
36.35,48.0267
39.01,48.0267
41.67,48.0267
44.33,48.0267
46.99,48.0267
49.65,48.0267
52.31,48.0267
54.97,48.0267
57.63,48.0267
60.29,48.0267
62.95,48.0267
65.61,48.0267
68.27,48.0267
70.93,48.0267
73.59,48.0267
76.25,48.0267
78.91,48.0267
81.57,48.0267
84.23,48.0267
86.89,48.0267
89.55,48.0267
-90,50.7564
-87.34,50.7564
-84.68,50.7564
-82.02,50.7564
-79.36,50.7564
-76.7,50.7564
-74.04,50.7564
-71.38,50.7564
-68.72,50.7564
-66.06,50.7564
-63.4,50.7564
-60.74,50.7564
-58.08,50.7564
-55.42,50.7564
-52.76,50.7564
-50.1,50.7564
-47.44,50.7564
-44.78,50.7564
-42.12,50.7564
-39.46,50.7564
-36.8,50.7564
-34.14,50.7564
-31.48,50.7564
-28.82,50.7564
-26.16,50.7564
-23.5,50.7564
-20.84,50.7564
-18.18,50.7564
-15.52,50.7564
-12.86,50.7564
-10.2,50.7564
-7.54,50.7564
-4.88,50.7564
-2.22,50.7564
0.44,50.7564
3.1,50.7564
5.76,50.7564
8.42,50.7564
11.08,50.7564
13.74,50.7564
16.4,50.7564
19.06,50.7564
21.72,50.7564
24.38,50.7564
27.04,50.7564
29.7,50.7564
32.36,50.7564
35.02,50.7564
37.68,50.7564
40.34,50.7564
43,50.7564
45.66,50.7564
48.32,50.7564
50.98,50.7564
53.64,50.7564
56.3,50.7564
58.96,50.7564
61.62,50.7564
64.28,50.7564
66.94,50.7564
69.6,50.7564
72.26,50.7564
74.92,50.7564
77.58,50.7564
80.24,50.7564
82.9,50.7564
85.56,50.7564
88.22,50.7564
-88.67,53.6191
-86.01,53.6191
-83.35,53.6191
-80.69,53.6191
-78.03,53.6191
-75.37,53.6191
-72.71,53.6191
-70.05,53.6191
-67.39,53.6191
-64.73,53.6191
-62.07,53.6191
-59.41,53.6191
-56.75,53.6191
-54.09,53.6191
-51.43,53.6191
-48.77,53.6191
-46.11,53.6191
-43.45,53.6191
-40.79,53.6191
-38.13,53.6191
-35.47,53.6191
-32.81,53.6191
-30.15,53.6191
-27.49,53.6191
-24.83,53.6191
-22.17,53.6191
-19.51,53.6191
-16.85,53.6191
-14.19,53.6191
-11.53,53.6191
-8.87,53.6191
-6.21,53.6191
-3.55,53.6191
-0.89,53.6191
1.77,53.6191
4.43,53.6191
7.09,53.6191
9.75,53.6191
12.41,53.6191
15.07,53.6191
17.73,53.6191
20.39,53.6191
23.05,53.6191
25.71,53.6191
28.37,53.6191
31.03,53.6191
33.69,53.6191
36.35,53.6191
39.01,53.6191
41.67,53.6191
44.33,53.6191
46.99,53.6191
49.65,53.6191
52.31,53.6191
54.97,53.6191
57.63,53.6191
60.29,53.6191
62.95,53.6191
65.61,53.6191
68.27,53.6191
70.93,53.6191
73.59,53.6191
76.25,53.6191
78.91,53.6191
81.57,53.6191
84.23,53.6191
86.89,53.6191
89.55,53.6191
-90,56.6211
-87.34,56.6211
-84.68,56.6211
-82.02,56.6211
-79.36,56.6211
-76.7,56.6211
-74.04,56.6211
-71.38,56.6211
-68.72,56.6211
-66.06,56.6211
-63.4,56.6211
-60.74,56.6211
-58.08,56.6211
-55.42,56.6211
-52.76,56.6211
-50.1,56.6211
-47.44,56.6211
-44.78,56.6211
-42.12,56.6211
-39.46,56.6211
-36.8,56.6211
-34.14,56.6211
-31.48,56.6211
-28.82,56.6211
-26.16,56.6211
-23.5,56.6211
-20.84,56.6211
-18.18,56.6211
-15.52,56.6211
-12.86,56.6211
-10.2,56.6211
-7.54,56.6211
-4.88,56.6211
-2.22,56.6211
0.44,56.6211
3.1,56.6211
5.76,56.6211
8.42,56.6211
11.08,56.6211
13.74,56.6211
16.4,56.6211
19.06,56.6211
21.72,56.6211
24.38,56.6211
27.04,56.6211
29.7,56.6211
32.36,56.6211
35.02,56.6211
37.68,56.6211
40.34,56.6211
43,56.6211
45.66,56.6211
48.32,56.6211
50.98,56.6211
53.64,56.6211
56.3,56.6211
58.96,56.6211
61.62,56.6211
64.28,56.6211
66.94,56.6211
69.6,56.6211
72.26,56.6211
74.92,56.6211
77.58,56.6211
80.24,56.6211
82.9,56.6211
85.56,56.6211
88.22,56.6211
-88.67,59.7694
-86.01,59.7694
-83.35,59.7694
-80.69,59.7694
-78.03,59.7694
-75.37,59.7694
-72.71,59.7694
-70.05,59.7694
-67.39,59.7694
-64.73,59.7694
-62.07,59.7694
-59.41,59.7694
-56.75,59.7694
-54.09,59.7694
-51.43,59.7694
-48.77,59.7694
-46.11,59.7694
-43.45,59.7694
-40.79,59.7694
-38.13,59.7694
-35.47,59.7694
-32.81,59.7694
-30.15,59.7694
-27.49,59.7694
-24.83,59.7694
-22.17,59.7694
-19.51,59.7694
-16.85,59.7694
-14.19,59.7694
-11.53,59.7694
-8.87,59.7694
-6.21,59.7694
-3.55,59.7694
-0.89,59.7694
1.77,59.7694
4.43,59.7694
7.09,59.7694
9.75,59.7694
12.41,59.7694
15.07,59.7694
17.73,59.7694
20.39,59.7694
23.05,59.7694
25.71,59.7694
28.37,59.7694
31.03,59.7694
33.69,59.7694
36.35,59.7694
39.01,59.7694
41.67,59.7694
44.33,59.7694
46.99,59.7694
49.65,59.7694
52.31,59.7694
54.97,59.7694
57.63,59.7694
60.29,59.7694
62.95,59.7694
65.61,59.7694
68.27,59.7694
70.93,59.7694
73.59,59.7694
76.25,59.7694
78.91,59.7694
81.57,59.7694
84.23,59.7694
86.89,59.7694
89.55,59.7694
-90,63.0709
-87.34,63.0709
-84.68,63.0709
-82.02,63.0709
-79.36,63.0709
-76.7,63.0709
-74.04,63.0709
-71.38,63.0709
-68.72,63.0709
-66.06,63.0709
-63.4,63.0709
-60.74,63.0709
-58.08,63.0709
-55.42,63.0709
-52.76,63.0709
-50.1,63.0709
-47.44,63.0709
-44.78,63.0709
-42.12,63.0709
-39.46,63.0709
-36.8,63.0709
-34.14,63.0709
-31.48,63.0709
-28.82,63.0709
-26.16,63.0709
-23.5,63.0709
-20.84,63.0709
-18.18,63.0709
-15.52,63.0709
-12.86,63.0709
-10.2,63.0709
-7.54,63.0709
-4.88,63.0709
-2.22,63.0709
0.44,63.0709
3.1,63.0709
5.76,63.0709
8.42,63.0709
11.08,63.0709
13.74,63.0709
16.4,63.0709
19.06,63.0709
21.72,63.0709
24.38,63.0709
27.04,63.0709
29.7,63.0709
32.36,63.0709
35.02,63.0709
37.68,63.0709
40.34,63.0709
43,63.0709
45.66,63.0709
48.32,63.0709
50.98,63.0709
53.64,63.0709
56.3,63.0709
58.96,63.0709
61.62,63.0709
64.28,63.0709
66.94,63.0709
69.6,63.0709
72.26,63.0709
74.92,63.0709
77.58,63.0709
80.24,63.0709
82.9,63.0709
85.56,63.0709
88.22,63.0709
-88.67,66.5333
-86.01,66.5333
-83.35,66.5333
-80.69,66.5333
-78.03,66.5333
-75.37,66.5333
-72.71,66.5333
-70.05,66.5333
-67.39,66.5333
-64.73,66.5333
-62.07,66.5333
-59.41,66.5333
-56.75,66.5333
-54.09,66.5333
-51.43,66.5333
-48.77,66.5333
-46.11,66.5333
-43.45,66.5333
-40.79,66.5333
-38.13,66.5333
-35.47,66.5333
-32.81,66.5333
-30.15,66.5333
-27.49,66.5333
-24.83,66.5333
-22.17,66.5333
-19.51,66.5333
-16.85,66.5333
-14.19,66.5333
-11.53,66.5333
-8.87,66.5333
-6.21,66.5333
-3.55,66.5333
-0.89,66.5333
1.77,66.5333
4.43,66.5333
7.09,66.5333
9.75,66.5333
12.41,66.5333
15.07,66.5333
17.73,66.5333
20.39,66.5333
23.05,66.5333
25.71,66.5333
28.37,66.5333
31.03,66.5333
33.69,66.5333
36.35,66.5333
39.01,66.5333
41.67,66.5333
44.33,66.5333
46.99,66.5333
49.65,66.5333
52.31,66.5333
54.97,66.5333
57.63,66.5333
60.29,66.5333
62.95,66.5333
65.61,66.5333
68.27,66.5333
70.93,66.5333
73.59,66.5333
76.25,66.5333
78.91,66.5333
81.57,66.5333
84.23,66.5333
86.89,66.5333
89.55,66.5333
-90,70.1642
-87.34,70.1642
-84.68,70.1642
-82.02,70.1642
-79.36,70.1642
-76.7,70.1642
-74.04,70.1642
-71.38,70.1642
-68.72,70.1642
-66.06,70.1642
-63.4,70.1642
-60.74,70.1642
-58.08,70.1642
-55.42,70.1642
-52.76,70.1642
-50.1,70.1642
-47.44,70.1642
-44.78,70.1642
-42.12,70.1642
-39.46,70.1642
-36.8,70.1642
-34.14,70.1642
-31.48,70.1642
-28.82,70.1642
-26.16,70.1642
-23.5,70.1642
-20.84,70.1642
-18.18,70.1642
-15.52,70.1642
-12.86,70.1642
-10.2,70.1642
-7.54,70.1642
-4.88,70.1642
-2.22,70.1642
0.44,70.1642
3.1,70.1642
5.76,70.1642
8.42,70.1642
11.08,70.1642
13.74,70.1642
16.4,70.1642
19.06,70.1642
21.72,70.1642
24.38,70.1642
27.04,70.1642
29.7,70.1642
32.36,70.1642
35.02,70.1642
37.68,70.1642
40.34,70.1642
43,70.1642
45.66,70.1642
48.32,70.1642
50.98,70.1642
53.64,70.1642
56.3,70.1642
58.96,70.1642
61.62,70.1642
64.28,70.1642
66.94,70.1642
69.6,70.1642
72.26,70.1642
74.92,70.1642
77.58,70.1642
80.24,70.1642
82.9,70.1642
85.56,70.1642
88.22,70.1642
-88.67,73.972
-86.01,73.972
-83.35,73.972
-80.69,73.972
-78.03,73.972
-75.37,73.972
-72.71,73.972
-70.05,73.972
-67.39,73.972
-64.73,73.972
-62.07,73.972
-59.41,73.972
-56.75,73.972
-54.09,73.972
-51.43,73.972
-48.77,73.972
-46.11,73.972
-43.45,73.972
-40.79,73.972
-38.13,73.972
-35.47,73.972
-32.81,73.972
-30.15,73.972
-27.49,73.972
-24.83,73.972
-22.17,73.972
-19.51,73.972
-16.85,73.972
-14.19,73.972
-11.53,73.972
-8.87,73.972
-6.21,73.972
-3.55,73.972
-0.89,73.972
1.77,73.972
4.43,73.972
7.09,73.972
9.75,73.972
12.41,73.972
15.07,73.972
17.73,73.972
20.39,73.972
23.05,73.972
25.71,73.972
28.37,73.972
31.03,73.972
33.69,73.972
36.35,73.972
39.01,73.972
41.67,73.972
44.33,73.972
46.99,73.972
49.65,73.972
52.31,73.972
54.97,73.972
57.63,73.972
60.29,73.972
62.95,73.972
65.61,73.972
68.27,73.972
70.93,73.972
73.59,73.972
76.25,73.972
78.91,73.972
81.57,73.972
84.23,73.972
86.89,73.972
89.55,73.972
-90,77.9653
-87.34,77.9653
-84.68,77.9653
-82.02,77.9653
-79.36,77.9653
-76.7,77.9653
-74.04,77.9653
-71.38,77.9653
-68.72,77.9653
-66.06,77.9653
-63.4,77.9653
-60.74,77.9653
-58.08,77.9653
-55.42,77.9653
-52.76,77.9653
-50.1,77.9653
-47.44,77.9653
-44.78,77.9653
-42.12,77.9653
-39.46,77.9653
-36.8,77.9653
-34.14,77.9653
-31.48,77.9653
-28.82,77.9653
-26.16,77.9653
-23.5,77.9653
-20.84,77.9653
-18.18,77.9653
-15.52,77.9653
-12.86,77.9653
-10.2,77.9653
-7.54,77.9653
-4.88,77.9653
-2.22,77.9653
0.44,77.9653
3.1,77.9653
5.76,77.9653
8.42,77.9653
11.08,77.9653
13.74,77.9653
16.4,77.9653
19.06,77.9653
21.72,77.9653
24.38,77.9653
27.04,77.9653
29.7,77.9653
32.36,77.9653
35.02,77.9653
37.68,77.9653
40.34,77.9653
43,77.9653
45.66,77.9653
48.32,77.9653
50.98,77.9653
53.64,77.9653
56.3,77.9653
58.96,77.9653
61.62,77.9653
64.28,77.9653
66.94,77.9653
69.6,77.9653
72.26,77.9653
74.92,77.9653
77.58,77.9653
80.24,77.9653
82.9,77.9653
85.56,77.9653
88.22,77.9653
-88.67,82.153
-86.01,82.153
-83.35,82.153
-80.69,82.153
-78.03,82.153
-75.37,82.153
-72.71,82.153
-70.05,82.153
-67.39,82.153
-64.73,82.153
-62.07,82.153
-59.41,82.153
-56.75,82.153
-54.09,82.153
-51.43,82.153
-48.77,82.153
-46.11,82.153
-43.45,82.153
-40.79,82.153
-38.13,82.153
-35.47,82.153
-32.81,82.153
-30.15,82.153
-27.49,82.153
-24.83,82.153
-22.17,82.153
-19.51,82.153
-16.85,82.153
-14.19,82.153
-11.53,82.153
-8.87,82.153
-6.21,82.153
-3.55,82.153
-0.89,82.153
1.77,82.153
4.43,82.153
7.09,82.153
9.75,82.153
12.41,82.153
15.07,82.153
17.73,82.153
20.39,82.153
23.05,82.153
25.71,82.153
28.37,82.153
31.03,82.153
33.69,82.153
36.35,82.153
39.01,82.153
41.67,82.153
44.33,82.153
46.99,82.153
49.65,82.153
52.31,82.153
54.97,82.153
57.63,82.153
60.29,82.153
62.95,82.153
65.61,82.153
68.27,82.153
70.93,82.153
73.59,82.153
76.25,82.153
78.91,82.153
81.57,82.153
84.23,82.153
86.89,82.153
89.55,82.153
-90,86.5446
-87.34,86.5446
-84.68,86.5446
-82.02,86.5446
-79.36,86.5446
-76.7,86.5446
-74.04,86.5446
-71.38,86.5446
-68.72,86.5446
-66.06,86.5446
-63.4,86.5446
-60.74,86.5446
-58.08,86.5446
-55.42,86.5446
-52.76,86.5446
-50.1,86.5446
-47.44,86.5446
-44.78,86.5446
-42.12,86.5446
-39.46,86.5446
-36.8,86.5446
-34.14,86.5446
-31.48,86.5446
-28.82,86.5446
-26.16,86.5446
-23.5,86.5446
-20.84,86.5446
-18.18,86.5446
-15.52,86.5446
-12.86,86.5446
-10.2,86.5446
-7.54,86.5446
-4.88,86.5446
-2.22,86.5446
0.44,86.5446
3.1,86.5446
5.76,86.5446
8.42,86.5446
11.08,86.5446
13.74,86.5446
16.4,86.5446
19.06,86.5446
21.72,86.5446
24.38,86.5446
27.04,86.5446
29.7,86.5446
32.36,86.5446
35.02,86.5446
37.68,86.5446
40.34,86.5446
43,86.5446
45.66,86.5446
48.32,86.5446
50.98,86.5446
53.64,86.5446
56.3,86.5446
58.96,86.5446
61.62,86.5446
64.28,86.5446
66.94,86.5446
69.6,86.5446
72.26,86.5446
74.92,86.5446
77.58,86.5446
80.24,86.5446
82.9,86.5446
85.56,86.5446
88.22,86.5446
