19.407
19.34
19.284
19.239
19.207
19.187
19.181
19.187
19.206
19.236
19.278
19.328
19.386
19.45
19.518
19.588
19.658
19.725
20.215
20.105
20.008
19.924
19.851
19.788
19.735
19.692
19.661
19.641
19.634
19.639
19.657
19.687
19.728
19.779
19.838
19.903
19.973
20.046
20.121
20.194
20.264
20.329
20.386
20.434
20.474
20.504
20.525
21.176
21.024
20.884
20.757
20.643
20.54
20.451
20.375
20.309
20.251
20.202
20.161
20.13
20.109
20.1
20.104
20.12
20.149
20.189
20.239
20.297
20.363
20.434
20.51
20.587
20.666
20.742
20.814
20.879
20.936
20.984
21.022
21.05
21.07
21.082
21.089
21.096
21.107
21.122
21.137
21.15
21.158
21.162
21.164
21.164
21.166
21.173
21.186
21.21
21.247
21.295
22.133
21.959
21.791
21.631
21.482
21.346
21.225
21.117
21.02
20.935
20.864
20.803
20.75
20.703
20.662
20.628
20.602
20.586
20.58
20.587
20.606
20.638
20.68
20.731
20.791
20.857
20.928
21.004
21.083
21.163
21.242
21.319
21.39
21.453
21.507
21.551
21.585
21.61
21.627
21.636
21.641
21.644
21.646
21.647
21.644
21.635
21.621
21.602
21.581
21.56
21.542
21.531
21.529
21.54
21.566
21.605
21.658
23.086
22.943
22.787
22.622
22.453
22.286
22.126
21.978
21.842
21.722
21.617
21.526
21.446
21.377
21.318
21.267
21.223
21.183
21.147
21.116
21.093
21.079
21.076
21.086
21.11
21.147
21.195
21.252
21.316
21.386
21.461
21.541
21.623
21.708
21.792
21.874
21.949
22.015
22.071
22.116
22.15
22.175
22.19
22.198
22.2
22.196
22.186
22.169
22.146
22.114
22.077
22.034
21.99
21.947
21.908
21.879
21.861
21.859
21.873
21.903
21.948
23.686
23.613
23.522
23.411
23.281
23.134
22.976
22.812
22.651
22.499
22.361
22.237
22.131
22.042
21.967
21.904
21.85
21.804
21.764
21.728
21.694
21.662
21.632
21.608
21.591
21.585
21.592
21.613
21.648
21.696
21.754
21.818
21.886
21.959
22.037
22.118
22.203
22.291
22.378
22.46
22.536
22.601
22.655
22.696
22.728
22.749
22.761
22.765
22.76
22.745
22.719
22.683
22.636
22.58
22.517
22.45
22.381
22.316
22.258
22.212
22.181
22.167
22.171
22.194
22.235
22.293
24.015
24.001
23.979
23.944
23.891
23.819
23.723
23.605
23.466
23.314
23.156
23.001
22.858
22.732
22.624
22.536
22.466
22.411
22.368
22.332
22.301
22.274
22.248
22.22
22.192
22.164
22.138
22.119
22.109
22.111
22.129
22.163
22.211
22.269
22.334
22.402
22.472
22.545
22.622
22.704
22.791
22.881
22.97
23.054
23.129
23.191
23.241
23.279
23.306
23.324
23.332
23.331
23.318
23.289
23.245
23.187
23.117
23.036
22.947
22.854
22.762
22.674
22.597
22.533
22.488
22.462
22.458
22.474
22.511
22.568
24.178
24.174
24.182
24.195
24.204
24.197
24.174
24.131
24.063
23.967
23.844
23.701
23.548
23.398
23.26
23.14
23.042
22.967
22.912
22.876
22.851
22.834
22.819
22.805
22.79
22.772
22.748
22.72
22.692
22.668
22.65
22.643
22.652
22.68
22.725
22.785
22.852
22.922
22.991
23.059
23.13
23.206
23.289
23.378
23.472
23.564
23.65
23.725
23.784
23.829
23.861
23.882
23.895
23.898
23.89
23.863
23.817
23.753
23.671
23.575
23.467
23.352
23.233
23.117
23.009
22.913
22.835
22.778
22.744
22.734
22.748
22.785
22.843
24.305
24.273
24.271
24.29
24.322
24.362
24.401
24.423
24.429
24.415
24.373
24.299
24.19
24.055
23.907
23.763
23.632
23.523
23.44
23.383
23.349
23.335
23.333
23.336
23.34
23.341
23.339
23.33
23.311
23.284
23.254
23.227
23.204
23.189
23.189
23.211
23.255
23.317
23.389
23.463
23.533
23.597
23.66
23.726
23.8
23.883
23.974
24.071
24.166
24.252
24.323
24.375
24.411
24.434
24.448
24.455
24.453
24.435
24.395
24.332
24.247
24.141
24.019
23.885
23.743
23.599
23.459
23.33
23.217
23.124
23.056
23.014
23
23.013
23.05
23.107
24.462
24.398
24.338
24.32
24.337
24.377
24.428
24.49
24.556
24.614
24.657
24.68
24.674
24.633
24.55
24.426
24.286
24.147
24.023
23.921
23.848
23.805
23.789
23.796
23.816
23.842
23.865
23.883
23.894
23.897
23.888
23.862
23.83
23.798
23.771
23.748
23.735
23.747
23.788
23.852
23.93
24.011
24.086
24.15
24.205
24.26
24.321
24.393
24.477
24.572
24.673
24.772
24.856
24.919
24.958
24.98
24.992
24.998
24.999
24.99
24.96
24.904
24.821
24.713
24.581
24.431
24.269
24.1
23.932
23.77
23.622
23.494
23.39
23.315
23.27
23.256
23.271
23.312
23.372
24.54
24.503
24.456
24.4
24.354
24.355
24.39
24.447
24.519
24.601
24.691
24.78
24.859
24.919
24.946
24.932
24.875
24.765
24.636
24.509
24.396
24.306
24.246
24.22
24.226
24.256
24.302
24.351
24.394
24.428
24.454
24.468
24.466
24.446
24.413
24.374
24.339
24.312
24.287
24.291
24.329
24.396
24.482
24.571
24.653
24.72
24.769
24.811
24.857
24.913
24.983
25.069
25.169
25.275
25.375
25.453
25.501
25.521
25.525
25.524
25.524
25.521
25.506
25.466
25.395
25.293
25.162
25.005
24.828
24.638
24.443
24.251
24.068
23.902
23.759
23.645
23.563
23.516
23.503
23.521
23.565
23.628
24.571
24.558
24.52
24.479
24.44
24.403
24.382
24.398
24.449
24.523
24.612
24.714
24.824
24.938
25.048
25.141
25.196
25.199
25.155
25.069
24.963
24.856
24.761
24.688
24.646
24.64
24.669
24.724
24.794
24.866
24.928
24.975
25.015
25.045
25.054
25.043
25.012
24.967
24.918
24.873
24.841
24.836
24.87
24.941
25.035
25.136
25.226
25.297
25.345
25.377
25.407
25.445
25.499
25.57
25.658
25.764
25.876
25.973
26.036
26.058
26.052
26.036
26.025
26.022
26.017
25.996
25.944
25.856
25.732
25.574
25.388
25.182
24.965
24.745
24.531
24.33
24.149
23.996
23.876
23.794
23.75
23.743
23.768
23.818
23.886
24.608
24.559
24.522
24.484
24.452
24.432
24.42
24.421
24.453
24.515
24.6
24.702
24.816
24.94
25.071
25.205
25.331
25.423
25.45
25.427
25.371
25.296
25.217
25.145
25.089
25.059
25.067
25.114
25.188
25.277
25.369
25.454
25.512
25.571
25.624
25.651
25.65
25.623
25.573
25.509
25.443
25.398
25.393
25.438
25.522
25.635
25.751
25.847
25.913
25.949
25.966
25.981
26.008
26.055
26.122
26.209
26.319
26.439
26.539
26.587
26.578
26.542
26.508
26.492
26.491
26.489
26.465
26.403
26.299
26.152
25.968
25.754
25.521
25.278
25.034
24.799
24.58
24.386
24.223
24.098
24.016
23.977
23.976
24.008
24.064
24.136
24.846
24.751
24.649
24.558
24.49
24.445
24.424
24.428
24.445
24.47
24.519
24.594
24.691
24.803
24.926
25.056
25.195
25.339
25.484
25.61
25.679
25.69
25.668
25.63
25.584
25.539
25.506
25.491
25.506
25.564
25.651
25.753
25.859
25.954
26.032
26.108
26.189
26.247
26.267
26.251
26.203
26.133
26.052
25.983
25.963
26.002
26.083
26.201
26.333
26.444
26.518
26.551
26.554
26.548
26.553
26.579
26.629
26.697
26.787
26.905
27.02
27.097
27.095
27.036
26.973
26.934
26.926
26.937
26.939
26.909
26.833
26.706
26.531
26.317
26.073
25.812
25.545
25.28
25.027
24.795
24.591
24.424
24.301
24.225
24.196
24.207
24.249
24.313
24.389
25.089
24.996
24.869
24.726
24.59
24.484
24.422
24.404
24.426
24.477
24.531
24.606
24.702
24.815
24.939
25.07
25.204
25.343
25.487
25.635
25.775
25.883
25.937
25.957
25.96
25.952
25.939
25.933
25.94
25.971
26.032
26.123
26.234
26.352
26.459
26.55
26.634
26.739
26.831
26.883
26.888
26.85
26.781
26.695
26.609
26.554
26.576
26.648
26.756
26.899
27.028
27.119
27.162
27.16
27.132
27.108
27.107
27.136
27.189
27.258
27.351
27.461
27.554
27.592
27.526
27.432
27.358
27.327
27.338
27.363
27.37
27.333
27.241
27.091
26.889
26.645
26.373
26.088
25.798
25.515
25.246
25.001
24.789
24.619
24.498
24.43
24.412
24.434
24.486
24.556
24.635
25.335
25.313
25.233
25.1
24.93
24.748
24.581
24.464
24.416
24.425
24.478
24.566
24.669
24.789
24.92
25.059
25.2
25.341
25.479
25.616
25.756
25.9
26.034
26.144
26.221
26.275
26.313
26.339
26.359
26.384
26.425
26.486
26.569
26.671
26.79
26.917
27.031
27.131
27.231
27.349
27.454
27.511
27.509
27.459
27.384
27.295
27.213
27.167
27.184
27.256
27.37
27.509
27.638
27.73
27.773
27.766
27.719
27.669
27.643
27.652
27.693
27.748
27.818
27.907
27.991
28.026
27.978
27.87
27.764
27.703
27.702
27.741
27.778
27.779
27.723
27.602
27.417
27.179
26.901
26.603
26.294
25.986
25.688
25.409
25.16
24.948
24.783
24.676
24.628
24.63
24.668
24.732
24.808
24.888
25.426
25.51
25.542
25.514
25.42
25.264
25.065
24.85
24.651
24.519
24.478
24.502
24.574
24.697
24.846
25.005
25.168
25.329
25.486
25.635
25.775
25.908
26.039
26.176
26.307
26.428
26.535
26.625
26.701
26.761
26.807
26.852
26.911
26.988
27.082
27.185
27.303
27.433
27.559
27.67
27.773
27.893
28.02
28.106
28.128
28.087
28.011
27.92
27.83
27.773
27.768
27.822
27.931
28.072
28.206
28.307
28.362
28.361
28.309
28.232
28.182
28.162
28.187
28.23
28.282
28.348
28.421
28.451
28.408
28.302
28.174
28.072
28.038
28.072
28.133
28.175
28.166
28.092
27.947
27.732
27.463
27.159
26.839
26.512
26.188
25.876
25.588
25.332
25.119
24.958
24.864
24.831
24.847
24.897
24.968
25.048
25.126
25.441
25.596
25.701
25.754
25.751
25.677
25.526
25.32
25.089
24.862
24.684
24.623
24.639
24.712
24.846
25.028
25.224
25.417
25.602
25.777
25.94
26.088
26.222
26.349
26.476
26.6
26.723
26.853
26.975
27.088
27.187
27.261
27.32
27.391
27.487
27.593
27.7
27.81
27.937
28.067
28.188
28.294
28.403
28.539
28.657
28.713
28.695
28.62
28.526
28.423
28.348
28.326
28.36
28.451
28.595
28.735
28.843
28.91
28.924
28.878
28.791
28.712
28.67
28.671
28.701
28.74
28.794
28.853
28.878
28.836
28.725
28.588
28.452
28.371
28.379
28.445
28.514
28.549
28.525
28.429
28.255
28.01
27.712
27.385
27.048
26.706
26.367
26.045
25.751
25.493
25.281
25.129
25.052
25.036
25.066
25.127
25.204
25.285
25.355
25.582
25.759
25.883
25.961
25.988
25.949
25.82
25.622
25.392
25.161
24.968
24.87
24.867
24.937
25.068
25.271
25.496
25.718
25.926
26.121
26.302
26.463
26.601
26.727
26.849
26.966
27.083
27.216
27.36
27.496
27.628
27.732
27.806
27.874
27.977
28.093
28.207
28.32
28.439
28.56
28.686
28.795
28.9
29.021
29.157
29.247
29.262
29.202
29.104
28.995
28.891
28.842
28.851
28.918
29.039
29.182
29.302
29.384
29.431
29.423
29.356
29.253
29.17
29.134
29.142
29.171
29.207
29.263
29.295
29.27
29.173
29.025
28.864
28.73
28.687
28.735
28.816
28.877
28.893
28.847
28.724
28.517
28.24
27.915
27.572
27.222
26.866
26.516
26.187
25.891
25.637
25.434
25.301
25.242
25.244
25.289
25.36
25.441
25.52
25.314
25.58
25.809
25.982
26.107
26.189
26.223
26.189
26.052
25.858
25.638
25.426
25.263
25.187
25.205
25.305
25.47
25.696
25.942
26.181
26.403
26.608
26.799
26.964
27.099
27.208
27.327
27.435
27.541
27.666
27.816
27.967
28.109
28.226
28.311
28.38
28.471
28.586
28.701
28.816
28.932
29.052
29.171
29.278
29.378
29.489
29.619
29.729
29.774
29.738
29.638
29.523
29.405
29.319
29.301
29.344
29.444
29.577
29.705
29.797
29.856
29.885
29.858
29.774
29.661
29.58
29.554
29.57
29.601
29.641
29.682
29.677
29.608
29.475
29.301
29.128
29.025
29.032
29.098
29.168
29.207
29.196
29.118
28.957
28.709
28.399
28.053
27.702
27.339
26.971
26.615
26.284
25.996
25.754
25.573
25.468
25.436
25.46
25.521
25.601
25.682
25.753
24.857
25.169
25.46
25.728
25.969
26.155
26.297
26.4
26.457
26.447
26.346
26.182
25.989
25.8
25.651
25.577
25.599
25.714
25.895
26.129
26.388
26.643
26.879
27.094
27.293
27.465
27.605
27.719
27.834
27.936
28.03
28.134
28.277
28.431
28.579
28.706
28.802
28.876
28.949
29.051
29.159
29.269
29.381
29.498
29.615
29.723
29.814
29.913
30.028
30.148
30.224
30.227
30.152
30.028
29.895
29.775
29.71
29.725
29.801
29.923
30.054
30.162
30.223
30.267
30.272
30.222
30.127
30.017
29.944
29.926
29.944
29.975
30.011
30.038
30.021
29.948
29.821
29.653
29.477
29.353
29.333
29.375
29.435
29.479
29.491
29.451
29.338
29.134
28.851
28.52
28.169
27.807
27.431
27.055
26.695
26.368
26.092
25.872
25.718
25.643
25.638
25.684
25.757
25.841
25.916
24.725
25.049
25.355
25.638
25.896
26.132
26.335
26.496
26.622
26.7
26.709
26.64
26.511
26.351
26.193
26.07
26.014
26.051
26.189
26.396
26.646
26.915
27.18
27.418
27.635
27.834
28.01
28.155
28.27
28.373
28.468
28.551
28.641
28.755
28.892
29.036
29.167
29.271
29.348
29.419
29.499
29.591
29.687
29.788
29.897
30.013
30.125
30.221
30.309
30.401
30.516
30.611
30.649
30.61
30.499
30.352
30.209
30.1
30.067
30.11
30.212
30.341
30.461
30.541
30.583
30.609
30.592
30.518
30.403
30.292
30.249
30.257
30.288
30.322
30.342
30.314
30.226
30.079
29.897
29.72
29.621
29.627
29.674
29.719
29.739
29.727
29.652
29.497
29.251
28.945
28.607
28.254
27.883
27.495
27.116
26.758
26.443
26.19
25.993
25.87
25.829
25.851
25.914
25.996
26.076
26.138
24.521
24.857
25.177
25.48
25.757
26.001
26.235
26.459
26.66
26.826
26.943
26.996
26.976
26.895
26.777
26.65
26.546
26.494
26.524
26.661
26.878
27.137
27.407
27.678
27.933
28.166
28.371
28.553
28.708
28.829
28.929
29.02
29.092
29.166
29.253
29.36
29.484
29.609
29.714
29.792
29.859
29.929
30.003
30.08
30.166
30.255
30.364
30.476
30.58
30.67
30.754
30.847
30.945
31.007
31.003
30.922
30.777
30.615
30.474
30.39
30.389
30.459
30.577
30.704
30.803
30.857
30.882
30.891
30.852
30.767
30.653
30.556
30.518
30.53
30.559
30.586
30.594
30.558
30.467
30.326
30.16
29.996
29.885
29.866
29.896
29.933
29.952
29.953
29.911
29.791
29.59
29.32
29.006
28.67
28.315
27.934
27.542
27.163
26.816
26.528
26.297
26.123
26.036
26.027
26.073
26.148
26.23
26.299
26.34
24.328
24.676
25.011
25.326
25.621
25.889
26.117
26.346
26.587
26.827
27.037
27.197
27.293
27.322
27.289
27.214
27.122
27.042
27.006
27.037
27.166
27.383
27.643
27.918
28.195
28.46
28.7
28.911
29.09
29.248
29.372
29.47
29.558
29.634
29.686
29.743
29.82
29.911
30.015
30.115
30.194
30.256
30.321
30.382
30.444
30.511
30.577
30.664
30.77
30.877
30.975
31.06
31.139
31.226
31.303
31.333
31.294
31.178
31.006
30.838
30.706
30.649
30.676
30.77
30.896
31.011
31.085
31.118
31.13
31.115
31.056
30.957
30.841
30.763
30.743
30.762
30.789
30.803
30.783
30.712
30.586
30.435
30.276
30.14
30.079
30.085
30.115
30.137
30.138
30.122
30.039
29.876
29.647
29.371
29.059
28.731
28.371
27.982
27.589
27.22
26.897
26.632
26.419
26.274
26.216
26.234
26.296
26.376
26.45
26.5
23.729
24.118
24.482
24.833
25.169
25.481
25.765
26.018
26.237
26.462
26.721
26.997
27.251
27.456
27.599
27.676
27.692
27.663
27.608
27.554
27.536
27.574
27.689
27.894
28.15
28.426
28.703
28.975
29.217
29.431
29.613
29.765
29.886
29.982
30.065
30.147
30.195
30.217
30.261
30.319
30.387
30.473
30.547
30.608
30.664
30.718
30.766
30.82
30.869
30.922
31.011
31.113
31.216
31.311
31.391
31.466
31.543
31.599
31.599
31.526
31.376
31.189
31.019
30.907
30.881
30.936
31.048
31.173
31.266
31.315
31.332
31.327
31.289
31.213
31.102
30.994
30.934
30.928
30.947
30.966
30.962
30.917
30.819
30.673
30.522
30.378
30.276
30.247
30.265
30.29
30.297
30.289
30.24
30.11
29.913
29.678
29.406
29.106
28.778
28.411
28.018
27.63
27.282
26.985
26.742
26.551
26.433
26.408
26.447
26.517
26.594
26.653
26.676
23.407
23.832
24.239
24.608
24.966
25.31
25.627
25.907
26.15
26.363
26.578
26.844
27.15
27.447
27.701
27.895
28.023
28.092
28.111
28.098
28.07
28.065
28.11
28.209
28.384
28.624
28.895
29.175
29.448
29.693
29.905
30.094
30.243
30.357
30.446
30.53
30.611
30.666
30.676
30.678
30.703
30.74
30.794
30.856
30.912
30.964
31.01
31.054
31.095
31.133
31.166
31.22
31.306
31.405
31.507
31.598
31.67
31.741
31.809
31.841
31.81
31.699
31.519
31.324
31.166
31.084
31.09
31.17
31.292
31.403
31.472
31.501
31.502
31.48
31.428
31.34
31.227
31.126
31.076
31.071
31.087
31.098
31.082
31.027
30.922
30.777
30.624
30.483
30.395
30.383
30.409
30.425
30.42
30.388
30.29
30.114
29.904
29.672
29.408
29.114
28.78
28.404
28.009
27.641
27.322
27.054
26.84
26.678
26.602
26.613
26.664
26.736
26.8
26.83
23.116
23.521
23.958
24.387
24.763
25.13
25.489
25.817
26.099
26.337
26.544
26.753
27.014
27.339
27.669
27.962
28.196
28.367
28.479
28.543
28.572
28.578
28.587
28.643
28.733
28.879
29.091
29.341
29.613
29.883
30.125
30.333
30.516
30.667
30.775
30.852
30.927
31.007
31.076
31.098
31.074
31.057
31.063
31.083
31.123
31.168
31.216
31.26
31.297
31.333
31.366
31.387
31.41
31.463
31.544
31.644
31.745
31.829
31.895
31.962
32.022
32.035
31.981
31.843
31.646
31.446
31.302
31.246
31.277
31.376
31.499
31.591
31.638
31.65
31.636
31.597
31.53
31.428
31.31
31.22
31.183
31.184
31.196
31.193
31.156
31.075
30.948
30.799
30.657
30.536
30.48
30.491
30.518
30.522
30.499
30.435
30.293
30.095
29.894
29.672
29.419
29.129
28.79
28.411
28.022
27.68
27.382
27.139
26.957
26.831
26.791
26.816
26.868
26.936
26.975
26.971
22.931
23.267
23.671
24.119
24.557
24.95
25.332
25.711
26.055
26.345
26.582
26.788
26.993
27.253
27.582
27.931
28.25
28.514
28.715
28.86
28.959
29.025
29.068
29.104
29.164
29.25
29.365
29.546
29.765
30.016
30.279
30.517
30.717
30.89
31.039
31.146
31.215
31.27
31.344
31.419
31.463
31.448
31.396
31.366
31.355
31.365
31.394
31.428
31.473
31.507
31.538
31.567
31.588
31.595
31.614
31.666
31.749
31.851
31.949
32.023
32.086
32.153
32.198
32.189
32.103
31.936
31.725
31.533
31.415
31.391
31.447
31.562
31.674
31.743
31.77
31.767
31.739
31.689
31.61
31.499
31.38
31.299
31.267
31.266
31.274
31.258
31.207
31.115
30.981
30.828
30.687
30.577
30.545
30.573
30.594
30.578
30.526
30.42
30.243
30.05
29.858
29.646
29.4
29.106
28.761
28.384
28.018
27.693
27.418
27.209
27.063
26.985
26.978
27.01
27.067
27.111
27.114
22.816
23.091
23.4
23.791
24.247
24.703
25.114
25.508
25.914
26.285
26.597
26.85
27.061
27.261
27.508
27.826
28.179
28.517
28.806
29.037
29.211
29.341
29.441
29.519
29.583
29.65
29.731
29.828
29.968
30.152
30.369
30.618
30.853
31.051
31.213
31.357
31.466
31.532
31.574
31.63
31.702
31.766
31.775
31.722
31.653
31.611
31.591
31.597
31.619
31.654
31.691
31.716
31.743
31.764
31.771
31.767
31.785
31.841
31.93
32.034
32.123
32.187
32.251
32.314
32.34
32.302
32.178
31.982
31.765
31.595
31.513
31.527
31.614
31.734
31.825
31.866
31.874
31.853
31.811
31.749
31.655
31.533
31.419
31.352
31.328
31.326
31.327
31.297
31.226
31.121
30.98
30.834
30.701
30.602
30.587
30.62
30.637
30.61
30.541
30.424
30.247
30.062
29.885
29.695
29.471
29.194
28.863
28.501
28.142
27.813
27.538
27.336
27.207
27.146
27.142
27.171
27.221
27.247
27.229
22.718
23
23.273
23.554
23.916
24.38
24.859
25.295
25.693
26.123
26.521
26.861
27.139
27.367
27.574
27.808
28.102
28.437
28.781
29.086
29.338
29.536
29.689
29.813
29.92
30.009
30.09
30.169
30.253
30.357
30.501
30.683
30.901
31.127
31.326
31.487
31.621
31.732
31.803
31.837
31.871
31.935
32.005
32.047
32.02
31.938
31.859
31.809
31.785
31.789
31.81
31.845
31.874
31.894
31.914
31.928
31.921
31.909
31.927
31.989
32.084
32.186
32.262
32.322
32.39
32.444
32.452
32.383
32.228
32.013
31.8
31.654
31.61
31.653
31.762
31.874
31.937
31.959
31.952
31.916
31.865
31.791
31.682
31.552
31.447
31.391
31.369
31.367
31.358
31.307
31.218
31.097
30.948
30.811
30.684
30.605
30.612
30.65
30.65
30.597
30.498
30.354
30.175
30.004
29.842
29.667
29.45
29.173
28.846
28.494
28.143
27.824
27.568
27.397
27.305
27.275
27.288
27.323
27.358
27.352
27.301
22.603
22.9
23.194
23.482
23.752
24.075
24.536
25.039
25.504
25.925
26.351
26.767
27.132
27.438
27.691
27.91
28.137
28.409
28.721
29.052
29.361
29.624
29.837
30.008
30.146
30.271
30.38
30.474
30.558
30.633
30.709
30.809
30.951
31.135
31.345
31.544
31.71
31.842
31.952
32.03
32.067
32.083
32.129
32.201
32.263
32.27
32.204
32.103
32.021
31.969
31.948
31.953
31.977
32.009
32.031
32.047
32.06
32.065
32.044
32.025
32.048
32.118
32.218
32.314
32.378
32.441
32.51
32.552
32.535
32.431
32.249
32.023
31.824
31.709
31.7
31.771
31.891
31.984
32.021
32.028
32.007
31.962
31.905
31.818
31.696
31.562
31.465
31.416
31.394
31.39
31.369
31.295
31.194
31.057
30.907
30.77
30.647
30.594
30.624
30.655
30.626
30.536
30.407
30.243
30.071
29.916
29.771
29.605
29.385
29.103
28.775
28.43
28.086
27.787
27.562
27.434
27.38
27.381
27.41
27.443
27.451
27.411
27.324
22.748
23.062
23.371
23.678
23.966
24.271
24.691
25.205
25.698
26.143
26.569
26.989
27.378
27.714
27.996
28.235
28.46
28.711
29
29.309
29.61
29.878
30.101
30.286
30.438
30.568
30.689
30.794
30.885
30.961
31.023
31.095
31.201
31.347
31.529
31.72
31.888
32.022
32.128
32.213
32.262
32.271
32.288
32.349
32.423
32.47
32.446
32.35
32.238
32.154
32.104
32.088
32.099
32.125
32.153
32.169
32.179
32.186
32.176
32.141
32.124
32.159
32.241
32.341
32.422
32.48
32.549
32.613
32.638
32.589
32.453
32.245
32.015
31.837
31.761
31.787
31.888
32.006
32.068
32.082
32.074
32.038
31.988
31.921
31.817
31.682
31.552
31.469
31.425
31.404
31.399
31.357
31.263
31.151
31.004
30.852
30.714
30.597
30.574
30.619
30.629
30.559
30.433
30.28
30.109
29.948
29.811
29.681
29.517
29.289
28.998
28.667
28.322
27.993
27.722
27.541
27.454
27.436
27.461
27.497
27.517
27.491
27.418
22.497
22.848
23.187
23.514
23.842
24.166
24.472
24.846
25.34
25.849
26.314
26.745
27.164
27.568
27.935
28.252
28.521
28.757
28.99
29.255
29.537
29.822
30.088
30.321
30.514
30.68
30.814
30.935
31.048
31.146
31.228
31.291
31.343
31.413
31.523
31.675
31.854
32.025
32.168
32.277
32.363
32.423
32.44
32.436
32.478
32.556
32.623
32.637
32.566
32.444
32.333
32.258
32.219
32.214
32.231
32.258
32.28
32.288
32.291
32.289
32.262
32.218
32.211
32.261
32.351
32.445
32.511
32.57
32.643
32.698
32.702
32.622
32.461
32.232
32.006
31.854
31.813
31.87
31.991
32.092
32.122
32.12
32.098
32.053
32
31.921
31.8
31.656
31.537
31.466
31.422
31.404
31.393
31.325
31.218
31.092
30.936
30.782
30.644
30.544
30.543
30.59
30.578
30.478
30.323
30.157
29.987
29.836
29.712
29.597
29.438
29.21
28.917
28.583
28.24
27.923
27.675
27.52
27.456
27.459
27.498
27.534
27.544
27.49
27.396
22.221
22.598
22.974
23.342
23.696
24.043
24.405
24.743
25.095
25.569
26.07
26.536
26.965
27.379
27.786
28.17
28.514
28.809
29.063
29.298
29.541
29.799
30.061
30.313
30.543
30.74
30.906
31.043
31.156
31.265
31.364
31.448
31.516
31.562
31.603
31.676
31.794
31.949
32.117
32.267
32.387
32.475
32.546
32.581
32.573
32.58
32.643
32.727
32.783
32.766
32.663
32.53
32.424
32.356
32.325
32.326
32.346
32.372
32.388
32.389
32.385
32.375
32.332
32.284
32.289
32.352
32.446
32.528
32.586
32.654
32.727
32.769
32.738
32.619
32.424
32.184
31.977
31.866
31.867
31.957
32.083
32.148
32.152
32.138
32.104
32.059
32.002
31.904
31.768
31.621
31.515
31.451
31.408
31.394
31.366
31.266
31.149
31.004
30.846
30.69
30.553
30.481
30.502
30.54
30.497
30.364
30.191
30.014
29.848
29.706
29.596
29.491
29.333
29.102
28.802
28.462
28.122
27.82
27.596
27.467
27.423
27.446
27.491
27.519
27.509
27.442
27.332
21.859
22.235
22.629
23.029
23.426
23.815
24.196
24.584
24.965
25.333
25.756
26.233
26.692
27.114
27.517
27.922
28.319
28.692
29.021
29.301
29.546
29.78
30.014
30.253
30.487
30.709
30.91
31.08
31.22
31.332
31.431
31.528
31.614
31.689
31.743
31.772
31.813
31.9
32.028
32.184
32.336
32.468
32.565
32.638
32.691
32.699
32.681
32.711
32.794
32.876
32.913
32.859
32.729
32.594
32.496
32.439
32.419
32.428
32.449
32.473
32.48
32.472
32.461
32.439
32.378
32.338
32.362
32.439
32.53
32.595
32.653
32.731
32.797
32.818
32.75
32.6
32.38
32.139
31.957
31.884
31.921
32.036
32.149
32.174
32.159
32.136
32.097
32.054
31.989
31.872
31.723
31.583
31.488
31.426
31.386
31.373
31.316
31.2
31.071
30.915
30.75
30.588
30.458
30.414
30.45
30.463
30.378
30.208
30.021
29.841
29.69
29.566
29.467
29.368
29.214
28.98
28.674
28.327
27.99
27.703
27.497
27.384
27.353
27.388
27.432
27.448
27.424
27.354
27.236
21.549
21.84
22.215
22.617
23.033
23.455
23.876
24.292
24.711
25.128
25.528
25.934
26.373
26.813
27.22
27.605
27.997
28.407
28.808
29.177
29.496
29.761
29.997
30.222
30.442
30.657
30.866
31.062
31.234
31.372
31.482
31.571
31.657
31.739
31.814
31.878
31.914
31.932
31.984
32.084
32.22
32.372
32.512
32.627
32.705
32.768
32.798
32.781
32.776
32.835
32.929
33.005
33.012
32.916
32.768
32.64
32.557
32.513
32.505
32.519
32.54
32.557
32.555
32.537
32.52
32.476
32.408
32.386
32.432
32.516
32.593
32.649
32.716
32.796
32.853
32.842
32.739
32.56
32.32
32.087
31.938
31.906
31.979
32.108
32.183
32.174
32.147
32.115
32.077
32.034
31.947
31.812
31.657
31.532
31.449
31.386
31.356
31.336
31.243
31.116
30.971
30.806
30.63
30.468
30.358
30.343
30.382
30.356
30.221
30.025
29.833
29.654
29.497
29.381
29.294
29.182
29
28.731
28.394
28.044
27.728
27.483
27.324
27.251
27.254
27.304
27.326
27.318
27.275
27.191
27.048
21.631
21.851
22.206
22.605
23.025
23.465
23.911
24.357
24.804
25.254
25.68
26.097
26.512
26.925
27.315
27.674
28.025
28.404
28.829
29.238
29.605
29.91
30.156
30.38
30.588
30.788
30.982
31.171
31.342
31.483
31.59
31.675
31.751
31.827
31.899
31.967
32.02
32.037
32.057
32.127
32.239
32.381
32.524
32.655
32.75
32.815
32.867
32.869
32.845
32.864
32.945
33.044
33.106
33.08
32.953
32.801
32.685
32.614
32.579
32.58
32.593
32.615
32.624
32.611
32.585
32.56
32.497
32.431
32.43
32.49
32.573
32.637
32.692
32.77
32.847
32.89
32.839
32.704
32.499
32.248
32.035
31.924
31.93
32.031
32.155
32.181
32.151
32.119
32.085
32.052
32.005
31.894
31.745
31.595
31.482
31.404
31.342
31.32
31.277
31.158
31.022
30.86
30.686
30.502
30.346
30.26
30.266
30.286
30.217
30.038
29.833
29.638
29.462
29.312
29.208
29.126
29.011
28.82
28.532
28.18
27.83
27.529
27.306
27.164
27.103
27.112
27.152
27.165
27.146
27.102
27.017
21.501
21.703
21.891
22.141
22.504
22.904
23.345
23.81
24.278
24.747
25.218
25.682
26.102
26.516
26.912
27.287
27.644
27.99
28.386
28.82
29.256
29.662
30.01
30.283
30.503
30.703
30.888
31.062
31.234
31.402
31.552
31.662
31.744
31.814
31.882
31.95
32.017
32.081
32.118
32.122
32.158
32.246
32.367
32.509
32.645
32.765
32.841
32.899
32.936
32.914
32.899
32.941
33.034
33.137
33.182
33.12
32.97
32.821
32.718
32.659
32.635
32.642
32.655
32.672
32.674
32.644
32.612
32.57
32.493
32.446
32.47
32.541
32.614
32.666
32.727
32.81
32.883
32.902
32.823
32.668
32.442
32.187
31.993
31.914
31.951
32.07
32.171
32.153
32.11
32.075
32.044
32.015
31.953
31.817
31.662
31.523
31.422
31.343
31.292
31.273
31.193
31.06
30.911
30.737
30.553
30.364
30.221
30.164
30.177
30.166
30.043
29.838
29.631
29.435
29.258
29.116
29.022
28.939
28.814
28.596
28.275
27.91
27.567
27.271
27.068
26.954
26.923
26.948
26.967
26.947
26.913
26.846
21.528
21.769
21.976
22.174
22.449
22.814
23.24
23.715
24.205
24.692
25.177
25.654
26.096
26.5
26.888
27.249
27.595
27.918
28.289
28.736
29.191
29.627
30.019
30.338
30.572
30.765
30.94
31.1
31.249
31.407
31.565
31.694
31.779
31.847
31.909
31.973
32.036
32.103
32.159
32.175
32.185
32.248
32.352
32.481
32.619
32.753
32.854
32.913
32.966
32.969
32.94
32.948
33.019
33.123
33.212
33.226
33.122
32.961
32.827
32.743
32.694
32.681
32.688
32.7
32.714
32.701
32.661
32.623
32.566
32.484
32.459
32.501
32.573
32.636
32.684
32.757
32.841
32.905
32.886
32.775
32.593
32.344
32.097
31.939
31.904
31.978
32.105
32.144
32.098
32.051
32.018
31.993
31.962
31.866
31.718
31.569
31.444
31.352
31.274
31.238
31.209
31.098
30.958
30.796
30.612
30.413
30.226
30.101
30.065
30.071
30.015
29.836
29.616
29.407
29.211
29.037
28.91
28.826
28.737
28.601
28.348
28.004
27.637
27.309
27.033
26.847
26.745
26.718
26.734
26.733
26.702
26.662
26.575
21.488
21.76
22.018
22.216
22.413
22.705
23.095
23.563
24.074
24.58
25.08
25.568
26.024
26.43
26.804
27.136
27.439
27.757
28.099
28.54
29.034
29.501
29.935
30.312
30.591
30.79
30.961
31.115
31.25
31.386
31.539
31.687
31.787
31.854
31.915
31.972
32.031
32.097
32.162
32.201
32.206
32.237
32.325
32.44
32.572
32.708
32.836
32.912
32.966
33.001
32.976
32.96
32.996
33.088
33.197
33.262
33.234
33.094
32.937
32.825
32.757
32.718
32.714
32.717
32.728
32.739
32.706
32.657
32.61
32.536
32.466
32.468
32.522
32.59
32.641
32.695
32.775
32.857
32.901
32.839
32.7
32.492
32.228
32.005
31.891
31.898
31.999
32.105
32.082
32.024
31.98
31.952
31.933
31.888
31.76
31.608
31.469
31.357
31.266
31.199
31.174
31.113
30.983
30.833
30.654
30.46
30.251
30.079
29.982
29.961
29.942
29.827
29.614
29.393
29.182
28.983
28.813
28.699
28.618
28.519
28.351
28.048
27.679
27.315
27.012
26.77
26.604
26.514
26.489
26.492
26.47
26.436
26.383
26.281
21.373
21.647
21.932
22.197
22.366
22.578
22.903
23.334
23.843
24.376
24.899
25.404
25.876
26.316
26.689
27.001
27.262
27.524
27.869
28.327
28.881
29.373
29.829
30.241
30.573
30.788
30.957
31.108
31.237
31.352
31.486
31.639
31.768
31.837
31.898
31.954
32.007
32.068
32.135
32.194
32.213
32.223
32.28
32.386
32.505
32.636
32.772
32.886
32.942
32.995
33.003
32.972
32.971
33.029
33.131
33.235
33.281
33.22
33.066
32.921
32.825
32.763
32.731
32.73
32.729
32.741
32.74
32.692
32.636
32.579
32.494
32.445
32.468
32.527
32.588
32.631
32.694
32.778
32.853
32.863
32.769
32.606
32.369
32.105
31.916
31.847
31.893
32.006
32.053
31.994
31.934
31.896
31.876
31.857
31.777
31.631
31.486
31.358
31.259
31.169
31.122
31.095
30.997
30.858
30.694
30.504
30.296
30.089
29.936
29.865
29.845
29.785
29.609
29.378
29.158
28.946
28.749
28.591
28.488
28.405
28.3
28.094
27.766
27.391
27.04
26.735
26.512
26.356
26.27
26.239
26.229
26.187
26.151
26.094
21.014
21.252
21.507
21.779
22.05
22.27
22.466
22.743
23.129
23.622
24.168
24.718
25.246
25.748
26.2
26.572
26.865
27.087
27.272
27.521
27.958
28.566
29.15
29.628
30.066
30.446
30.717
30.897
31.051
31.183
31.288
31.398
31.535
31.687
31.79
31.849
31.911
31.963
32.016
32.082
32.146
32.192
32.205
32.229
32.312
32.427
32.549
32.682
32.816
32.905
32.956
33.001
32.98
32.956
32.978
33.058
33.167
33.256
33.27
33.17
33.013
32.887
32.809
32.753
32.73
32.724
32.726
32.738
32.715
32.653
32.592
32.524
32.44
32.421
32.457
32.515
32.564
32.607
32.677
32.76
32.822
32.798
32.686
32.506
32.249
31.994
31.837
31.804
31.875
31.978
31.961
31.888
31.832
31.803
31.789
31.756
31.639
31.492
31.359
31.245
31.149
31.071
31.039
30.994
30.878
30.732
30.554
30.351
30.129
29.929
29.798
29.745
29.707
29.585
29.362
29.124
28.9
28.687
28.496
28.357
28.266
28.174
28.049
27.778
27.426
27.05
26.725
26.453
26.244
26.098
26.013
25.975
25.942
25.893
25.846
25.771
20.86
21.069
21.292
21.534
21.787
22.031
22.25
22.495
22.833
23.274
23.802
24.412
25.011
25.565
26.05
26.442
26.734
26.935
27.072
27.216
27.567
28.222
28.897
29.395
29.848
30.258
30.587
30.797
30.957
31.1
31.208
31.301
31.417
31.568
31.71
31.782
31.843
31.906
31.952
32.013
32.081
32.137
32.169
32.183
32.232
32.34
32.456
32.58
32.714
32.836
32.901
32.952
32.971
32.941
32.933
32.977
33.071
33.179
33.249
33.231
33.106
32.958
32.851
32.781
32.731
32.712
32.702
32.708
32.714
32.67
32.598
32.532
32.451
32.384
32.39
32.431
32.485
32.524
32.573
32.648
32.726
32.763
32.705
32.571
32.367
32.096
31.867
31.753
31.759
31.846
31.902
31.84
31.765
31.719
31.699
31.685
31.619
31.482
31.34
31.218
31.12
31.023
30.966
30.942
30.866
30.737
30.578
30.384
30.166
29.941
29.762
29.66
29.614
29.534
29.351
29.106
28.871
28.647
28.436
28.256
28.134
28.042
27.941
27.769
27.464
27.095
26.732
26.411
26.168
25.968
25.831
25.746
25.698
25.644
25.592
25.54
25.456
20.77
20.954
21.147
21.358
21.585
21.82
22.051
22.305
22.646
23.103
23.652
24.26
24.867
25.431
25.924
26.316
26.604
26.791
26.9
26.977
27.128
27.602
28.354
28.979
29.471
29.92
30.319
30.61
30.802
30.959
31.094
31.184
31.284
31.416
31.572
31.685
31.749
31.817
31.873
31.925
31.994
32.055
32.101
32.127
32.149
32.226
32.345
32.463
32.59
32.723
32.822
32.877
32.923
32.917
32.89
32.901
32.966
33.068
33.169
33.215
33.162
33.025
32.892
32.803
32.737
32.693
32.673
32.665
32.672
32.663
32.599
32.523
32.451
32.365
32.324
32.346
32.392
32.437
32.471
32.527
32.604
32.669
32.671
32.584
32.428
32.196
31.928
31.739
31.669
31.706
31.787
31.781
31.698
31.631
31.596
31.582
31.556
31.455
31.314
31.184
31.074
30.981
30.894
30.857
30.826
30.733
30.598
30.428
30.222
29.989
29.766
29.607
29.524
29.464
29.33
29.1
28.848
28.612
28.388
28.178
28.015
27.908
27.807
27.687
27.452
27.12
26.741
26.402
26.109
25.87
25.681
25.548
25.462
25.398
25.328
25.267
25.19
20.711
20.865
21.031
21.215
21.421
21.645
21.899
22.175
22.527
22.964
23.476
24.044
24.623
25.174
25.667
26.084
26.417
26.631
26.745
26.803
26.876
27.144
27.762
28.504
29.046
29.524
29.962
30.335
30.586
30.767
30.922
31.037
31.126
31.241
31.387
31.536
31.625
31.693
31.766
31.816
31.877
31.949
32
32.038
32.061
32.101
32.199
32.324
32.445
32.575
32.703
32.779
32.834
32.863
32.842
32.829
32.864
32.948
33.055
33.137
33.147
33.059
32.926
32.814
32.738
32.677
32.636
32.616
32.611
32.615
32.589
32.51
32.431
32.352
32.273
32.258
32.288
32.333
32.367
32.403
32.463
32.536
32.582
32.551
32.441
32.263
32.008
31.76
31.612
31.581
31.634
31.682
31.623
31.539
31.484
31.459
31.445
31.389
31.265
31.127
31.009
30.913
30.819
30.755
30.734
30.684
30.578
30.432
30.247
30.026
29.785
29.58
29.447
29.374
29.279
29.093
28.839
28.591
28.355
28.131
27.928
27.783
27.676
27.566
27.406
27.125
26.766
26.395
26.086
25.815
25.58
25.399
25.268
25.175
25.095
25.013
24.918
24.827
20.625
20.745
20.878
21.032
21.213
21.423
21.666
21.947
22.294
22.719
23.221
23.783
24.368
24.937
25.452
25.897
26.253
26.485
26.605
26.656
26.699
26.836
27.229
27.888
28.542
29.06
29.529
29.953
30.289
30.517
30.693
30.842
30.942
31.043
31.178
31.336
31.463
31.543
31.618
31.687
31.744
31.813
31.876
31.92
31.953
31.979
32.047
32.163
32.288
32.413
32.541
32.648
32.715
32.764
32.773
32.751
32.756
32.811
32.904
33.006
33.068
33.046
32.942
32.82
32.726
32.655
32.595
32.556
32.539
32.537
32.53
32.477
32.393
32.312
32.227
32.172
32.18
32.217
32.255
32.281
32.32
32.383
32.446
32.462
32.401
32.268
32.062
31.798
31.584
31.481
31.483
31.533
31.526
31.438
31.364
31.322
31.305
31.276
31.185
31.052
30.924
30.819
30.732
30.645
30.608
30.588
30.52
30.404
30.245
30.044
29.807
29.571
29.39
29.281
29.198
29.057
28.827
28.569
28.322
28.089
27.864
27.677
27.547
27.434
27.308
27.095
26.781
26.406
26.057
25.753
25.492
25.268
25.097
24.968
24.869
24.771
24.674
24.579
24.484
20.535
20.619
20.714
20.83
20.975
21.158
21.366
21.633
21.959
22.359
22.837
23.382
23.97
24.565
25.118
25.609
26.017
26.299
26.448
26.508
26.538
26.612
26.843
27.321
27.963
28.542
29.041
29.497
29.898
30.197
30.41
30.581
30.712
30.814
30.936
31.09
31.243
31.351
31.432
31.513
31.579
31.645
31.716
31.766
31.804
31.833
31.875
31.965
32.09
32.219
32.344
32.465
32.556
32.622
32.662
32.657
32.643
32.669
32.74
32.838
32.928
32.964
32.91
32.805
32.698
32.62
32.549
32.489
32.454
32.441
32.436
32.413
32.341
32.254
32.17
32.091
32.064
32.087
32.124
32.151
32.174
32.216
32.277
32.323
32.312
32.226
32.07
31.837
31.583
31.408
31.344
31.362
31.384
31.323
31.233
31.173
31.144
31.125
31.064
30.95
30.818
30.703
30.612
30.523
30.462
30.446
30.417
30.337
30.21
30.038
29.82
29.572
29.35
29.194
29.097
28.984
28.795
28.54
28.284
28.04
27.81
27.59
27.423
27.301
27.179
27.021
26.763
26.419
26.048
25.729
25.442
25.182
24.963
24.796
24.662
24.552
24.435
24.313
24.205
20.527
20.586
20.66
20.758
20.899
21.082
21.303
21.596
21.958
22.397
22.911
23.481
24.079
24.666
25.208
25.685
26.042
26.251
26.337
26.37
26.411
26.537
26.836
27.335
27.921
28.454
28.942
29.386
29.765
30.041
30.247
30.409
30.532
30.648
30.793
30.96
31.098
31.197
31.283
31.366
31.436
31.509
31.571
31.613
31.647
31.678
31.74
31.846
31.979
32.112
32.232
32.344
32.431
32.495
32.524
32.513
32.516
32.562
32.644
32.741
32.812
32.816
32.746
32.648
32.561
32.491
32.417
32.358
32.326
32.314
32.303
32.265
32.187
32.098
32.011
31.947
31.941
31.971
32.004
32.022
32.043
32.087
32.142
32.167
32.128
32.019
31.837
31.591
31.362
31.227
31.191
31.205
31.185
31.095
31.017
30.968
30.945
30.91
30.823
30.7
30.574
30.471
30.384
30.3
30.268
30.26
30.218
30.124
29.982
29.791
29.554
29.308
29.11
28.979
28.873
28.72
28.49
28.231
27.978
27.739
27.507
27.306
27.159
27.035
26.898
26.697
26.399
26.035
25.684
25.375
25.098
24.845
24.638
24.473
24.341
24.216
24.078
23.93
23.825
20.504
20.536
20.58
20.646
20.747
20.893
21.08
21.337
21.658
22.054
22.526
23.056
23.624
24.202
24.76
25.274
25.71
25.997
26.124
26.177
26.213
26.294
26.487
26.847
27.347
27.879
28.375
28.833
29.243
29.581
29.834
30.026
30.175
30.294
30.426
30.585
30.755
30.884
30.987
31.08
31.166
31.248
31.321
31.372
31.407
31.438
31.484
31.564
31.685
31.825
31.954
32.07
32.178
32.267
32.327
32.347
32.341
32.365
32.424
32.511
32.6
32.648
32.622
32.547
32.461
32.392
32.318
32.24
32.186
32.162
32.149
32.126
32.065
31.979
31.89
31.813
31.781
31.799
31.832
31.853
31.863
31.886
31.931
31.972
31.974
31.912
31.784
31.578
31.332
31.133
31.032
31.01
31.001
30.937
30.843
30.776
30.738
30.711
30.649
30.545
30.422
30.307
30.216
30.127
30.065
30.056
30.047
29.997
29.895
29.744
29.537
29.287
29.049
28.871
28.746
28.618
28.432
28.183
27.929
27.68
27.442
27.213
27.028
26.89
26.756
26.594
26.353
26.021
25.654
25.328
25.034
24.754
24.5
24.302
24.133
23.996
23.847
23.693
23.551
20.55
20.571
20.612
20.681
20.79
20.938
21.15
21.421
21.753
22.161
22.624
23.129
23.661
24.197
24.714
25.182
25.559
25.797
25.915
25.975
26.033
26.149
26.377
26.745
27.216
27.708
28.187
28.63
29.018
29.333
29.574
29.753
29.888
30.021
30.179
30.355
30.511
30.631
30.737
30.832
30.927
31.011
31.072
31.109
31.136
31.171
31.235
31.334
31.472
31.614
31.736
31.852
31.965
32.056
32.113
32.13
32.14
32.181
32.25
32.336
32.41
32.428
32.383
32.315
32.248
32.188
32.104
32.026
31.976
31.956
31.941
31.905
31.836
31.748
31.661
31.603
31.596
31.623
31.653
31.663
31.669
31.694
31.736
31.76
31.74
31.658
31.505
31.28
31.048
30.884
30.812
30.786
30.742
30.647
30.563
30.507
30.476
30.43
30.342
30.23
30.111
30.01
29.922
29.837
29.811
29.816
29.797
29.73
29.611
29.44
29.213
28.958
28.741
28.582
28.453
28.295
28.077
27.828
27.577
27.334
27.099
26.888
26.725
26.591
26.445
26.259
25.987
25.639
25.285
24.965
24.678
24.396
24.147
23.947
23.789
23.64
23.468
23.278
23.142
20.633
20.646
20.68
20.743
20.845
20.978
21.189
21.454
21.775
22.153
22.582
23.054
23.555
24.064
24.551
24.983
25.32
25.541
25.668
25.748
25.835
25.982
26.232
26.598
27.044
27.503
27.951
28.363
28.715
29.007
29.227
29.389
29.518
29.665
29.834
30.011
30.161
30.288
30.403
30.505
30.611
30.691
30.739
30.763
30.785
30.831
30.916
31.031
31.182
31.322
31.441
31.565
31.689
31.784
31.842
31.868
31.897
31.947
32.02
32.102
32.155
32.143
32.096
32.038
31.988
31.918
31.828
31.752
31.712
31.698
31.675
31.625
31.546
31.458
31.386
31.363
31.378
31.409
31.428
31.429
31.434
31.463
31.495
31.5
31.458
31.358
31.181
30.95
30.741
30.612
30.553
30.508
30.428
30.327
30.252
30.207
30.169
30.095
29.993
29.881
29.772
29.681
29.593
29.532
29.534
29.54
29.508
29.424
29.288
29.094
28.849
28.599
28.403
28.25
28.103
27.918
27.686
27.444
27.199
26.957
26.731
26.542
26.396
26.254
26.092
25.876
25.57
25.215
24.884
24.589
24.296
24.008
23.764
23.569
23.416
23.247
23.048
22.863
22.746
20.784
20.788
20.809
20.858
20.941
21.06
21.218
21.415
21.655
21.932
22.258
22.628
23.039
23.481
23.929
24.353
24.724
25.039
25.258
25.401
25.505
25.618
25.783
26.036
26.389
26.808
27.236
27.657
28.038
28.36
28.621
28.815
28.959
29.093
29.249
29.429
29.601
29.745
29.881
30.009
30.124
30.225
30.289
30.316
30.327
30.349
30.418
30.528
30.666
30.817
30.951
31.072
31.214
31.345
31.446
31.511
31.552
31.597
31.656
31.725
31.797
31.823
31.793
31.756
31.714
31.664
31.583
31.49
31.417
31.39
31.381
31.35
31.293
31.211
31.13
31.085
31.086
31.112
31.139
31.147
31.145
31.157
31.184
31.197
31.182
31.117
30.988
30.788
30.566
30.394
30.299
30.237
30.163
30.06
29.969
29.904
29.864
29.806
29.711
29.606
29.497
29.401
29.314
29.23
29.206
29.224
29.22
29.169
29.065
28.909
28.694
28.439
28.203
28.014
27.857
27.692
27.49
27.266
27.031
26.79
26.554
26.342
26.172
26.032
25.874
25.695
25.437
25.101
24.749
24.435
24.145
23.841
23.553
23.322
23.154
22.992
22.795
22.586
22.411
21.026
21.051
21.11
21.194
21.287
21.407
21.55
21.725
21.949
22.222
22.537
22.904
23.319
23.741
24.135
24.494
24.778
24.988
25.141
25.263
25.387
25.546
25.773
26.087
26.465
26.864
27.262
27.615
27.908
28.142
28.317
28.451
28.59
28.749
28.935
29.101
29.245
29.398
29.541
29.662
29.749
29.79
29.795
29.796
29.829
29.93
30.067
30.217
30.362
30.494
30.632
30.783
30.919
31.03
31.108
31.168
31.225
31.287
31.352
31.405
31.409
31.378
31.35
31.317
31.258
31.167
31.072
31.007
30.999
30.992
30.958
30.894
30.814
30.752
30.738
30.754
30.785
30.804
30.805
30.807
30.825
30.843
30.839
30.793
30.705
30.546
30.338
30.144
30.014
29.931
29.852
29.752
29.649
29.567
29.515
29.465
29.384
29.28
29.177
29.077
28.991
28.907
28.842
28.852
28.868
28.85
28.78
28.659
28.482
28.246
27.986
27.754
27.562
27.394
27.214
27.01
26.794
26.561
26.318
26.098
25.914
25.767
25.615
25.451
25.248
24.955
24.611
24.284
23.994
23.69
23.37
23.086
22.879
22.722
22.539
22.315
22.103
21.976
21.367
21.423
21.502
21.598
21.699
21.796
21.91
22.112
22.365
22.676
23.098
23.542
23.955
24.279
24.544
24.752
24.915
25.05
25.178
25.324
25.527
25.816
26.16
26.527
26.882
27.189
27.439
27.639
27.791
27.914
28.063
28.228
28.4
28.556
28.708
28.871
29.019
29.13
29.19
29.199
29.181
29.19
29.254
29.387
29.538
29.686
29.823
29.964
30.117
30.268
30.411
30.535
30.628
30.703
30.769
30.831
30.888
30.917
30.907
30.879
30.86
30.822
30.748
30.65
30.558
30.522
30.529
30.523
30.484
30.414
30.352
30.325
30.33
30.356
30.384
30.393
30.395
30.406
30.425
30.429
30.402
30.333
30.211
30.029
29.83
29.679
29.575
29.484
29.382
29.272
29.179
29.112
29.063
28.991
28.891
28.789
28.696
28.609
28.531
28.458
28.434
28.455
28.461
28.422
28.33
28.193
27.996
27.745
27.481
27.244
27.049
26.877
26.694
26.505
26.296
26.064
25.832
25.63
25.471
25.329
25.166
24.998
24.757
24.44
24.099
23.79
23.493
23.162
22.83
22.57
22.404
22.235
22.023
21.814
21.62
21.818
21.916
22.023
22.121
22.192
22.237
22.298
22.409
22.573
22.81
23.122
23.461
23.795
24.09
24.344
24.558
24.737
24.885
25.016
25.154
25.338
25.582
25.867
26.183
26.482
26.735
26.938
27.111
27.246
27.369
27.51
27.664
27.821
27.975
28.13
28.299
28.439
28.529
28.558
28.539
28.511
28.552
28.652
28.794
28.943
29.081
29.214
29.371
29.529
29.678
29.833
29.964
30.068
30.153
30.223
30.28
30.318
30.327
30.311
30.291
30.267
30.214
30.127
30.028
29.957
29.957
29.975
29.969
29.926
29.864
29.838
29.835
29.846
29.876
29.895
29.9
29.909
29.928
29.945
29.938
29.894
29.806
29.663
29.479
29.305
29.178
29.076
28.969
28.856
28.753
28.663
28.607
28.547
28.454
28.353
28.263
28.177
28.101
28.033
27.985
27.989
28.006
27.996
27.935
27.829
27.676
27.452
27.18
26.9
26.658
26.464
26.291
26.114
25.93
25.716
25.479
25.275
25.109
24.97
24.821
24.661
24.459
24.175
23.849
23.541
23.253
22.934
22.581
22.269
22.061
21.906
21.723
21.498
21.284
21.178
22.395
22.535
22.66
22.736
22.75
22.741
22.765
22.852
23.015
23.242
23.503
23.79
24.057
24.299
24.524
24.717
24.871
25.005
25.151
25.335
25.548
25.792
26.036
26.252
26.429
26.578
26.7
26.812
26.937
27.076
27.219
27.375
27.532
27.688
27.813
27.884
27.897
27.87
27.853
27.899
28
28.135
28.274
28.408
28.547
28.704
28.862
29.018
29.172
29.304
29.415
29.506
29.575
29.62
29.638
29.634
29.619
29.6
29.562
29.492
29.398
29.32
29.293
29.316
29.341
29.332
29.292
29.264
29.264
29.273
29.291
29.308
29.313
29.321
29.345
29.372
29.381
29.354
29.283
29.163
29.002
28.833
28.697
28.591
28.485
28.366
28.264
28.167
28.09
28.034
27.958
27.853
27.766
27.683
27.606
27.546
27.498
27.483
27.497
27.503
27.472
27.385
27.269
27.087
26.837
26.545
26.258
26.025
25.843
25.677
25.509
25.328
25.114
24.898
24.719
24.58
24.449
24.301
24.133
23.897
23.598
23.288
22.989
22.68
22.323
21.952
21.689
21.517
21.353
21.148
20.943
20.79
22.98
23.144
23.272
23.316
23.261
23.189
23.168
23.217
23.331
23.497
23.702
23.914
24.12
24.325
24.537
24.721
24.867
24.98
25.078
25.182
25.314
25.477
25.655
25.828
25.977
26.1
26.202
26.293
26.396
26.522
26.658
26.802
26.948
27.085
27.193
27.252
27.259
27.233
27.217
27.25
27.339
27.458
27.584
27.709
27.843
27.992
28.146
28.296
28.437
28.563
28.677
28.77
28.832
28.861
28.862
28.85
28.837
28.814
28.766
28.69
28.607
28.57
28.572
28.614
28.642
28.637
28.615
28.618
28.629
28.64
28.646
28.642
28.638
28.661
28.704
28.733
28.727
28.674
28.571
28.427
28.268
28.131
28.027
27.931
27.822
27.715
27.617
27.525
27.457
27.394
27.305
27.211
27.13
27.051
26.995
26.961
26.939
26.95
26.958
26.953
26.898
26.805
26.667
26.455
26.179
25.872
25.604
25.381
25.2
25.029
24.868
24.683
24.476
24.28
24.133
24.012
23.883
23.73
23.527
23.252
22.955
22.668
22.37
22.027
21.641
21.31
21.099
20.943
20.769
20.562
20.407
20.36
23.751
23.83
23.742
23.622
23.558
23.557
23.62
23.737
23.896
24.067
24.248
24.433
24.623
24.797
24.935
25.034
25.099
25.143
25.194
25.279
25.389
25.51
25.627
25.723
25.804
25.878
25.958
26.077
26.201
26.326
26.448
26.559
26.644
26.685
26.683
26.654
26.633
26.651
26.725
26.823
26.927
27.034
27.149
27.284
27.421
27.549
27.667
27.779
27.891
27.978
28.029
28.042
28.026
28.007
27.996
27.969
27.919
27.858
27.813
27.807
27.835
27.88
27.908
27.914
27.917
27.929
27.937
27.934
27.918
27.893
27.892
27.943
27.995
28.016
27.991
27.913
27.783
27.629
27.489
27.389
27.311
27.221
27.12
27.022
26.926
26.837
26.778
26.705
26.615
26.529
26.45
26.387
26.37
26.365
26.375
26.389
26.391
26.362
26.293
26.184
26.012
25.768
25.474
25.184
24.92
24.706
24.521
24.352
24.183
23.996
23.804
23.645
23.523
23.413
23.28
23.106
22.866
22.584
22.301
22.009
21.674
21.285
20.907
20.644
20.477
20.322
20.141
19.993
19.938
24.164
24.083
23.981
23.918
23.909
23.957
24.055
24.194
24.373
24.57
24.773
24.957
25.091
25.168
25.184
25.169
25.181
25.218
25.271
25.337
25.406
25.471
25.533
25.596
25.67
25.761
25.861
25.956
26.044
26.125
26.186
26.214
26.208
26.178
26.148
26.151
26.193
26.26
26.338
26.422
26.514
26.623
26.732
26.833
26.926
27.026
27.12
27.19
27.226
27.226
27.2
27.171
27.152
27.121
27.077
27.048
27.04
27.059
27.101
27.145
27.175
27.191
27.203
27.208
27.201
27.176
27.137
27.107
27.14
27.198
27.24
27.243
27.193
27.09
26.942
26.798
26.691
26.63
26.564
26.481
26.39
26.301
26.212
26.138
26.07
25.987
25.899
25.82
25.758
25.738
25.753
25.777
25.802
25.81
25.794
25.746
25.665
25.531
25.329
25.065
24.773
24.488
24.235
24.025
23.836
23.662
23.491
23.311
23.145
23.011
22.912
22.799
22.648
22.443
22.185
21.906
21.642
21.319
20.934
20.523
20.193
19.995
19.852
19.7
19.574
19.518
24.233
24.252
24.318
24.427
24.567
24.721
24.887
25.05
25.182
25.251
25.265
25.239
25.193
25.156
25.145
25.154
25.187
25.238
25.3
25.372
25.454
25.544
25.626
25.692
25.747
25.797
25.84
25.861
25.855
25.826
25.793
25.779
25.795
25.832
25.882
25.941
26.009
26.086
26.163
26.236
26.307
26.379
26.44
26.478
26.485
26.465
26.429
26.395
26.365
26.335
26.311
26.306
26.319
26.349
26.392
26.434
26.464
26.483
26.49
26.482
26.455
26.413
26.371
26.365
26.402
26.447
26.467
26.439
26.359
26.236
26.104
25.998
25.93
25.877
25.812
25.733
25.657
25.578
25.501
25.427
25.348
25.26
25.176
25.116
25.095
25.121
25.164
25.205
25.227
25.218
25.179
25.12
25.015
24.848
24.619
24.344
24.053
23.774
23.538
23.328
23.132
22.962
22.79
22.628
22.492
22.388
22.286
22.152
21.97
21.738
21.477
21.217
20.906
20.534
20.124
19.75
19.514
19.375
19.254
19.146
19.111
24.774
24.916
25.073
25.229
25.346
25.356
25.31
25.236
25.161
25.101
25.067
25.061
25.087
25.142
25.221
25.319
25.421
25.509
25.558
25.581
25.596
25.62
25.632
25.625
25.601
25.562
25.534
25.527
25.537
25.558
25.588
25.627
25.671
25.717
25.761
25.803
25.842
25.867
25.872
25.85
25.808
25.758
25.713
25.679
25.657
25.649
25.659
25.685
25.721
25.761
25.794
25.814
25.82
25.81
25.78
25.735
25.688
25.66
25.667
25.697
25.721
25.708
25.649
25.554
25.443
25.343
25.269
25.213
25.157
25.094
25.026
24.956
24.881
24.803
24.722
24.636
24.549
24.485
24.469
24.496
24.551
24.611
24.651
24.654
24.628
24.58
24.499
24.366
24.175
23.931
23.651
23.362
23.099
22.869
22.657
22.466
22.291
22.129
21.991
21.88
21.78
21.658
21.495
21.288
21.049
20.797
20.492
20.124
19.714
19.322
19.044
18.898
18.798
18.728
18.724
25.315
25.394
25.4
25.343
25.254
25.163
25.079
25.013
24.975
24.97
25.003
25.073
25.173
25.29
25.404
25.491
25.518
25.52
25.517
25.519
25.517
25.505
25.481
25.446
25.411
25.385
25.37
25.363
25.364
25.373
25.388
25.405
25.422
25.436
25.442
25.434
25.407
25.353
25.282
25.211
25.158
25.125
25.109
25.111
25.127
25.154
25.187
25.218
25.235
25.239
25.226
25.194
25.147
25.094
25.048
25.024
25.035
25.052
25.049
25.002
24.925
24.833
24.743
24.667
24.605
24.551
24.499
24.443
24.377
24.303
24.223
24.139
24.053
23.968
23.906
23.884
23.906
23.96
24.03
24.091
24.11
24.098
24.063
24
23.896
23.74
23.533
23.277
22.989
22.707
22.455
22.229
22.015
21.825
21.655
21.513
21.397
21.294
21.177
21.026
20.839
20.622
20.385
20.121
19.763
19.354
18.951
18.639
18.466
18.375
18.336
18.358
25.307
25.203
25.093
24.992
24.916
24.879
24.893
24.964
25.087
25.239
25.38
25.47
25.505
25.51
25.506
25.499
25.487
25.464
25.43
25.391
25.351
25.314
25.281
25.252
25.234
25.223
25.215
25.203
25.182
25.146
25.088
25.002
24.901
24.808
24.752
24.72
24.706
24.708
24.721
24.742
24.764
24.779
24.781
24.766
24.732
24.682
24.622
24.563
24.516
24.494
24.489
24.479
24.442
24.377
24.296
24.21
24.131
24.062
24.004
23.953
23.902
23.84
23.761
23.674
23.585
23.499
23.425
23.375
23.36
23.381
23.431
23.497
23.557
23.589
23.591
23.569
23.519
23.429
23.297
23.12
22.898
22.623
22.34
22.075
21.834
21.611
21.408
21.227
21.077
20.953
20.845
20.73
20.589
20.417
20.22
20.004
19.762
19.426
19.03
18.635
18.305
18.101
18.004
17.979
18.02
18.135
24.99
24.883
24.809
24.787
24.836
24.961
25.139
25.32
25.431
25.493
25.524
25.536
25.537
25.528
25.508
25.475
25.433
25.385
25.332
25.276
25.218
25.171
25.138
25.109
25.071
25.023
24.968
24.896
24.786
24.669
24.57
24.504
24.465
24.446
24.443
24.449
24.459
24.468
24.469
24.452
24.411
24.352
24.28
24.204
24.136
24.084
24.049
24.018
23.975
23.912
23.831
23.746
23.663
23.587
23.521
23.466
23.416
23.36
23.274
23.182
23.094
23.015
22.952
22.913
22.904
22.923
22.965
23.02
23.073
23.108
23.12
23.108
23.067
22.99
22.868
22.708
22.504
22.255
21.983
21.715
21.464
21.233
21.025
20.836
20.678
20.547
20.433
20.317
20.176
20.012
19.828
19.628
19.405
19.081
18.684
18.291
17.966
17.785
17.69
17.665
17.703
17.807
24.721
24.701
24.772
24.937
25.138
25.313
25.434
25.516
25.568
25.598
25.609
25.602
25.576
25.532
25.47
25.393
25.306
25.217
25.14
25.082
25.031
24.958
24.881
24.799
24.699
24.58
24.472
24.391
24.341
24.314
24.305
24.303
24.302
24.297
24.279
24.241
24.17
24.084
23.991
23.897
23.813
23.743
23.684
23.628
23.562
23.473
23.379
23.288
23.195
23.114
23.046
22.986
22.924
22.848
22.762
22.68
22.61
22.555
22.523
22.516
22.533
22.568
22.612
22.654
22.684
22.694
22.68
22.636
22.548
22.425
22.271
22.079
21.855
21.61
21.36
21.115
20.887
20.682
20.498
20.333
20.195
20.073
19.95
19.81
19.648
19.47
19.279
19.07
18.85
18.557
18.241
17.943
17.694
17.52
17.427
17.407
17.454
17.565
24.88
25.086
25.273
25.422
25.535
25.617
25.672
25.7
25.701
25.674
25.62
25.538
25.432
25.311
25.19
25.082
24.991
24.91
24.826
24.741
24.652
24.556
24.46
24.378
24.321
24.287
24.271
24.265
24.259
24.243
24.21
24.151
24.061
23.948
23.824
23.7
23.584
23.48
23.384
23.288
23.188
23.077
22.967
22.861
22.765
22.683
22.612
22.544
22.473
22.398
22.327
22.267
22.224
22.2
22.194
22.206
22.231
22.262
22.293
22.313
22.315
22.293
22.241
22.151
22.027
21.874
21.694
21.488
21.262
21.023
20.781
20.553
20.35
20.173
20.021
19.89
19.771
19.652
19.521
19.372
19.209
19.035
18.853
18.653
18.418
18.143
17.863
17.609
17.406
17.271
17.209
17.218
17.291
17.427
25.462
25.591
25.692
25.761
25.794
25.786
25.743
25.662
25.536
25.382
25.212
25.049
24.907
24.794
24.708
24.623
24.543
24.465
24.395
24.342
24.308
24.292
24.289
24.288
24.277
24.245
24.182
24.088
23.967
23.826
23.679
23.534
23.396
23.265
23.137
23.006
22.87
22.733
22.604
22.489
22.393
22.312
22.241
22.172
22.105
22.042
21.99
21.954
21.935
21.929
21.934
21.946
21.965
21.983
21.992
21.983
21.949
21.889
21.796
21.675
21.524
21.356
21.165
20.955
20.731
20.494
20.272
20.075
19.905
19.763
19.64
19.526
19.411
19.285
19.141
18.982
18.813
18.637
18.454
18.254
18.031
17.787
17.551
17.344
17.186
17.09
17.06
17.095
17.191
17.343
25.836
25.856
25.822
25.753
25.639
25.465
25.246
25.025
24.825
24.668
24.586
24.506
24.432
24.371
24.328
24.308
24.309
24.323
24.332
24.315
24.253
24.139
23.983
23.802
23.614
23.431
23.258
23.091
22.919
22.741
22.557
22.382
22.236
22.126
22.039
21.962
21.891
21.822
21.766
21.73
21.711
21.704
21.701
21.702
21.706
21.712
21.711
21.69
21.644
21.573
21.475
21.354
21.206
21.037
20.848
20.638
20.414
20.189
19.981
19.8
19.645
19.516
19.404
19.298
19.186
19.056
18.905
18.737
18.558
18.375
18.189
18
17.795
17.587
17.388
17.213
17.078
16.995
16.969
17.002
17.091
17.232
25.636
25.485
25.299
25.088
24.879
24.691
24.549
24.458
24.39
24.335
24.295
24.273
24.27
24.287
24.317
24.345
24.35
24.308
24.197
24.028
23.83
23.625
23.426
23.239
23.065
22.895
22.708
22.48
22.255
22.059
21.933
21.837
21.749
21.666
21.593
21.544
21.513
21.495
21.485
21.477
21.466
21.456
21.444
21.416
21.355
21.27
21.163
21.036
20.889
20.723
20.54
20.331
20.112
19.899
19.715
19.555
19.418
19.303
19.204
19.111
19.008
18.88
18.722
18.54
18.347
18.154
17.966
17.785
17.567
17.393
17.233
17.096
16.994
16.937
16.928
16.97
17.061
17.197
24.9
24.688
24.505
24.373
24.288
24.23
24.193
24.176
24.179
24.201
24.236
24.272
24.282
24.239
24.095
23.881
23.651
23.424
23.21
23.015
22.835
22.653
22.439
22.223
22.027
21.873
21.762
21.669
21.58
21.495
21.418
21.355
21.314
21.284
21.256
21.226
21.198
21.164
21.104
21.01
20.889
20.754
20.6
20.428
20.24
20.036
19.826
19.627
19.454
19.308
19.186
19.085
19.001
18.921
18.829
18.699
18.524
18.321
18.111
17.909
17.721
17.551
17.366
17.227
17.106
17.01
16.947
16.92
16.935
16.991
17.088
17.223
24.121
24.073
24.045
24.036
24.043
24.061
24.078
24.077
24.031
23.906
23.711
23.489
23.263
23.045
22.843
22.657
22.472
22.263
22.055
21.873
21.73
21.619
21.513
21.412
21.313
21.22
21.157
21.104
21.049
20.991
20.943
20.878
20.781
20.651
20.506
20.341
20.16
19.965
19.761
19.559
19.372
19.208
19.071
18.959
18.869
18.794
18.718
18.626
18.496
18.3
18.079
17.859
17.657
17.482
17.333
17.193
17.09
17.012
16.96
16.938
16.948
16.99
17.065
17.17
17.305
23.84
23.828
23.802
23.74
23.617
23.436
23.245
23.041
22.834
22.635
22.449
22.268
22.083
21.905
21.747
21.615
21.505
21.407
21.314
21.219
21.119
21.034
20.961
20.89
20.818
20.743
20.655
20.542
20.403
20.242
20.062
19.868
19.664
19.46
19.266
19.092
18.944
18.821
18.72
18.641
18.563
18.474
18.358
18.197
17.993
17.773
17.565
17.385
17.241
17.13
17.032
16.977
16.95
16.953
16.982
17.037
17.115
17.214
17.333
23.201
23.024
22.838
22.647
22.459
22.278
22.105
21.945
21.795
21.66
21.543
21.436
21.344
21.264
21.193
21.119
21.023
20.929
20.845
20.767
20.69
20.603
20.502
20.38
20.239
20.082
19.901
19.709
19.51
19.31
19.118
18.948
18.799
18.672
18.569
18.478
18.387
18.28
18.14
17.956
17.73
17.493
17.29
17.132
17.022
16.955
16.922
16.924
16.958
17.019
17.1
17.197
17.305
17.422
22.359
22.165
21.977
21.798
21.655
21.525
21.415
21.323
21.232
21.154
21.087
21.026
20.962
20.872
20.774
20.679
20.587
20.492
20.375
20.229
20.057
19.868
19.668
19.465
19.263
19.065
18.878
18.712
18.569
18.449
18.345
18.25
18.142
18.008
17.833
17.616
17.376
17.155
16.991
16.893
16.853
16.86
16.91
16.996
17.107
17.233
17.363
17.491
17.616
21.471
21.32
21.188
21.085
21.003
20.933
20.87
20.81
20.744
20.664
20.575
20.481
20.385
20.281
20.158
20.009
19.828
19.631
19.431
19.235
19.048
18.871
18.704
18.55
18.413
18.295
18.19
18.092
17.987
17.859
17.696
17.494
17.256
17.029
16.853
16.763
16.745
16.787
16.875
17.005
17.165
17.337
17.505
17.658
17.794
20.847
20.768
20.707
20.651
20.595
20.533
20.462
20.381
20.291
20.197
20.094
19.979
19.844
19.686
19.506
19.316
19.124
18.944
18.779
18.628
18.489
18.353
18.229
18.119
18.018
17.92
17.814
17.694
17.548
17.359
17.142
16.926
16.75
16.649
16.632
16.691
16.809
16.979
17.187
17.413
17.631
17.822
17.978
20.275
20.201
20.116
20.021
19.916
19.799
19.674
19.53
19.367
19.19
19.004
18.822
18.657
18.512
18.381
18.259
18.142
18.03
17.927
17.829
17.733
17.622
17.5
17.357
17.182
16.984
16.787
16.625
16.531
16.525
16.606
16.757
16.966
17.224
17.51
17.787
18.019
19.365
19.204
19.027
18.837
18.643
18.462
18.315
18.184
18.063
17.947
17.837
17.728
17.622
17.515
17.406
17.286
17.151
16.997
16.828
16.66
16.515
16.423
16.409
16.483
16.599
16.806
17.07
17.389
17.742
17.844
17.733
17.628
17.525
17.424
17.321
17.212
17.094
16.964
16.823
16.673
16.527
16.401
16.32
16.314
16.406
